data/grids_germany_annual_hot_days_2019.asc
NCOLS 654
NROWS 866
XLLCORNER 3280414.711633467
YLLCORNER 5237500.62890625
CELLSIZE 1000
NODATA_VALUE -999
[rows 702 to 755 of 866, columns 96 to 191 of 654]
-999 -999 -999 -999 -999 -999 -999 -999 -999 -999 -999 -999 -999 -999 -999 -999 -999 -999 -999 -999 -999 -999 -999 -999 -999 -999 -999 -999 -999 -999 -999 -999 -999 -999 -999 -999 -999 -999 -999 -999 -999 -999 -999 -999 -999 -999 -999 -999 31 31 30 30 30 30 30 29 29 28 28 27 26 26 24 23 22 20 20 20 19 20 20 19 18 17 21 22 19 16 15 12 11 10 11 10 11 14 12 11 11 12 15 12 15 11 14 12
-999 -999 -999 -999 -999 -999 -999 -999 -999 -999 -999 -999 -999 -999 -999 -999 -999 -999 -999 -999 -999 -999 -999 -999 -999 -999 -999 -999 -999 -999 -999 -999 -999 -999 -999 -999 -999 -999 -999 -999 -999 -999 -999 -999 -999 -999 -999 -999 32 31 31 30 30 30 30 30 30 29 28 27 27 26 25 23 20 20 18 18 20 19 20 18 19 16 20 21 20 19 17 16 15 10 10 11 13 13 11 10 13 14 13 11 14 11 12 11
-999 -999 -999 -999 -999 -999 -999 -999 -999 -999 -999 -999 -999 -999 -999 -999 -999 -999 -999 -999 -999 -999 -999 -999 -999 -999 -999 -999 -999 -999 -999 -999 -999 -999 -999 -999 -999 -999 -999 -999 -999 -999 -999 -999 -999 -999 -999 32 32 32 31 30 30 30 30 30 30 29 28 27 27 26 25 22 21 20 16 19 20 20 19 18 16 16 17 20 21 18 17 17 13 11 11 12 11 11 11 10 11 14 12 13 12 11 10 11
-999 -999 -999 -999 -999 -999 -999 -999 -999 -999 -999 -999 -999 -999 -999 -999 -999 -999 -999 -999 -999 -999 -999 -999 -999 -999 -999 -999 -999 -999 -999 -999 -999 -999 -999 -999 -999 -999 -999 -999 -999 -999 -999 -999 -999 -999 -999 32 32 32 31 31 30 30 30 30 30 29 29 28 27 26 24 22 21 20 19 19 18 17 17 17 14 15 15 16 20 18 16 14 14 10 10 10 11 12 13 14 14 14 11 13 12 13 11 11
-999 -999 -999 -999 -999 -999 -999 -999 -999 -999 -999 -999 -999 -999 -999 -999 -999 -999 -999 -999 -999 -999 -999 -999 -999 -999 -999 -999 -999 -999 -999 -999 -999 -999 -999 -999 -999 -999 -999 -999 -999 -999 -999 -999 -999 -999 32 33 33 33 32 32 31 31 30 30 30 29 29 28 27 25 23 19 20 20 17 17 18 17 14 14 14 14 15 16 21 17 14 13 9 11 11 11 11 11 11 11 12 14 12 13 11 10 10 11
-999 -999 -999 -999 -999 -999 -999 -999 -999 -999 -999 -999 -999 -999 -999 -999 -999 -999 -999 -999 -999 -999 -999 -999 -999 -999 -999 -999 -999 -999 -999 -999 -999 -999 -999 -999 -999 -999 -999 -999 -999 -999 -999 -999 -999 32 33 33 34 33 33 32 32 31 30 30 30 29 29 28 27 26 24 22 20 16 16 15 17 16 14 13 11 13 18 19 18 18 15 10 9 9 11 11 12 12 14 14 15 15 11 13 10 10 10 9
-999 -999 -999 -999 -999 -999 -999 -999 -999 -999 -999 -999 -999 -999 -999 -999 -999 -999 -999 -999 -999 -999 -999 -999 -999 -999 -999 -999 -999 -999 -999 -999 -999 -999 -999 -999 -999 -999 -999 -999 -999 -999 -999 -999 32 32 33 34 34 34 33 32 32 32 31 30 30 30 29 27 27 26 23 22 19 19 15 16 14 16 14 12 13 15 17 19 20 16 13 12 9 10 10 12 13 13 14 14 14 12 11 13 10 11 9 10
-999 -999 -999 -999 -999 -999 -999 -999 -999 -999 -999 -999 -999 -999 -999 -999 -999 -999 -999 -999 -999 -999 -999 -999 -999 -999 -999 -999 -999 -999 -999 -999 -999 -999 -999 -999 -999 -999 -999 -999 -999 -999 -999 32 32 33 33 34 34 34 34 33 32 32 31 30 30 29 29 28 26 25 20 22 22 20 14 14 15 14 14 10 9 11 14 17 19 17 13 12 10 11 11 11 13 15 13 12 14 10 11 12 12 10 9 10
-999 -999 -999 -999 -999 -999 -999 -999 -999 -999 -999 -999 -999 -999 -999 -999 -999 -999 -999 -999 -999 -999 -999 -999 -999 -999 -999 -999 -999 -999 -999 -999 -999 -999 -999 -999 -999 -999 -999 -999 -999 -999 31 32 32 33 33 34 34 35 34 34 33 32 31 31 30 29 29 27 25 24 20 20 22 17 16 13 12 13 11 12 13 11 14 18 18 16 14 14 10 12 11 14 13 13 11 13 10 10 11 11 11 9 10 10
-999 -999 -999 -999 -999 -999 -999 -999 -999 -999 -999 -999 -999 -999 -999 -999 -999 -999 -999 -999 -999 -999 -999 -999 -999 -999 -999 -999 -999 -999 -999 -999 -999 -999 -999 -999 -999 -999 -999 -999 -999 31 31 32 32 33 33 34 34 34 34 33 33 32 31 31 30 30 28 27 27 23 22 18 20 19 16 14 14 13 12 10 13 14 12 17 19 16 16 14 11 12 11 11 14 13 11 10 10 11 11 10 9 10 10 10
-999 -999 -999 -999 -999 -999 -999 -999 -999 -999 -999 -999 -999 -999 -999 -999 -999 -999 -999 -999 -999 -999 -999 -999 -999 -999 -999 -999 -999 -999 -999 -999 -999 -999 -999 -999 -999 -999 -999 -999 31 31 31 32 32 32 33 34 34 34 34 33 33 32 31 30 30 30 29 27 27 25 21 18 19 16 15 14 13 15 13 13 11 13 14 14 18 15 13 11 11 11 13 13 11 11 11 10 12 11 11 9 10 10 10 10
-999 -999 -999 -999 -999 -999 -999 -999 -999 -999 -999 -999 -999 -999 -999 -999 -999 -999 -999 -999 -999 -999 -999 -999 -999 -999 -999 -999 -999 -999 -999 -999 -999 -999 -999 -999 -999 -999 30 31 31 31 31 32 32 32 33 33 34 34 33 33 33 32 31 30 30 29 28 27 25 23 19 17 16 14 15 13 14 12 13 14 9 12 15 17 15 16 11 11 11 12 11 12 11 10 10 11 11 11 10 9 10 10 11 10
-999 -999 -999 -999 -999 -999 -999 -999 -999 -999 -999 -999 -999 -999 -999 -999 -999 -999 -999 -999 -999 -999 -999 -999 -999 -999 -999 -999 -999 -999 -999 -999 -999 -999 -999 -999 -999 -999 30 30 30 31 31 31 32 32 32 33 33 33 33 33 32 32 31 30 30 29 29 26 25 23 20 18 16 14 15 14 15 12 12 12 15 15 16 17 17 13 11 11 12 12 12 12 10 11 12 10 11 10 11 11 10 10 10 9
-999 -999 -999 -999 -999 -999 -999 -999 -999 -999 -999 -999 -999 -999 -999 -999 -999 -999 -999 -999 -999 -999 -999 -999 -999 -999 -999 -999 -999 -999 -999 -999 -999 -999 -999 -999 -999 29 30 30 30 30 31 31 31 31 32 32 32 32 32 32 31 31 30 30 29 29 28 25 21 22 19 20 17 16 15 14 16 15 13 15 17 16 14 15 16 15 11 12 12 12 11 10 10 11 12 10 11 12 11 10 12 10 11 10
-999 -999 -999 -999 -999 -999 -999 -999 -999 -999 -999 -999 -999 -999 -999 -999 -999 -999 -999 -999 -999 -999 -999 -999 -999 -999 -999 -999 -999 -999 -999 -999 -999 -999 -999 -999 -999 29 30 30 30 30 30 31 31 31 32 32 32 32 31 31 31 31 30 29 28 28 28 26 23 21 17 17 15 15 14 14 15 16 16 16 14 12 14 16 17 14 11 11 11 12 11 11 11 12 12 11 11 12 11 11 11 10 11 10
-999 -999 -999 -999 -999 -999 -999 -999 -999 -999 -999 -999 -999 -999 -999 -999 -999 -999 -999 -999 -999 -999 -999 -999 -999 -999 -999 -999 -999 -999 -999 -999 -999 -999 -999 -999 29 29 29 30 30 30 30 31 31 31 31 31 32 31 31 31 31 30 30 28 28 28 26 24 23 20 18 18 14 16 15 15 16 15 16 13 11 13 16 15 17 16 15 12 11 11 10 11 11 12 11 12 12 12 11 11 11 12 12 11
-999 -999 -999 -999 -999 -999 -999 -999 -999 -999 -999 -999 -999 -999 -999 -999 -999 -999 -999 -999 -999 -999 -999 -999 -999 -999 -999 -999 -999 -999 -999 -999 -999 -999 -999 -999 29 29 29 29 29 30 30 30 30 31 31 31 31 31 30 30 30 30 29 28 28 28 28 25 22 21 20 18 12 13 13 15 13 15 13 13 15 15 16 17 17 17 17 14 11 11 11 11 12 12 13 12 12 13 11 12 13 12 12 14
-999 -999 -999 -999 -999 -999 -999 -999 -999 -999 -999 -999 -999 -999 -999 -999 -999 -999 -999 -999 -999 -999 -999 -999 -999 -999 -999 -999 -999 -999 -999 -999 -999 -999 -999 29 29 29 29 29 29 29 30 30 30 30 30 30 30 30 30 30 29 29 29 28 28 28 28 25 21 23 22 18 16 15 14 15 16 16 16 15 16 17 17 15 16 15 17 12 12 12 13 12 13 12 12 13 14 13 13 13 13 13 12 13
-999 -999 -999 -999 -999 -999 -999 -999 -999 -999 -999 -999 -999 -999 -999 -999 -999 -999 -999 -999 -999 -999 -999 -999 -999 -999 -999 -999 -999 -999 -999 -999 -999 -999 -999 29 29 29 29 29 29 29 30 30 30 30 30 30 30 30 30 29 29 29 28 28 26 28 25 27 24 23 22 20 18 16 12 13 13 14 15 15 15 16 13 13 15 16 16 14 12 12 13 12 12 13 13 13 14 13 13 13 15 13 14 13
-999 -999 -999 -999 -999 -999 -999 -999 -999 -999 -999 -999 -999 -999 -999 -999 -999 -999 -999 -999 -999 -999 -999 -999 -999 -999 -999 -999 -999 -999 -999 -999 -999 -999 -999 29 29 29 29 29 29 29 30 30 30 30 30 30 30 30 30 29 29 29 28 27 26 27 23 24 25 24 22 20 19 16 15 13 14 14 12 14 15 15 11 13 12 16 15 15 12 12 13 12 13 13 14 15 14 13 12 13 14 13 12 12
-999 -999 -999 -999 -999 -999 -999 -999 -999 -999 -999 -999 -999 -999 -999 -999 -999 -999 -999 -999 -999 -999 -999 -999 -999 -999 -999 -999 -999 -999 -999 -999 -999 -999 -999 29 29 29 29 29 29 30 30 30 30 30 30 30 30 30 30 30 29 29 28 27 27 25 22 25 25 23 21 20 15 14 13 12 12 14 15 15 14 12 12 11 12 11 15 16 13 11 14 13 11 12 12 13 12 12 12 13 14 12 12 12
-999 -999 -999 -999 -999 -999 -999 -999 -999 -999 -999 -999 -999 -999 -999 -999 -999 -999 -999 -999 -999 -999 -999 -999 -999 -999 -999 -999 -999 -999 -999 -999 -999 -999 -999 29 29 29 29 30 30 30 30 30 30 30 30 30 30 30 30 30 30 29 28 28 27 23 22 23 23 24 21 19 14 13 14 14 13 13 13 12 12 14 15 11 11 13 16 14 11 11 11 14 13 12 14 11 11 12 12 12 12 12 12 12
-999 -999 -999 -999 -999 -999 -999 -999 -999 -999 -999 -999 -999 -999 -999 -999 -999 -999 -999 -999 -999 -999 -999 -999 -999 -999 -999 -999 -999 -999 -999 -999 -999 -999 -999 29 29 29 29 30 30 30 30 30 30 30 30 30 30 30 30 30 30 30 29 28 27 23 22 23 23 22 22 21 17 15 16 16 15 17 12 11 12 12 13 14 12 15 15 14 12 11 12 14 14 13 11 11 12 12 12 11 12 12 12 12
-999 -999 -999 -999 -999 -999 -999 -999 -999 -999 -999 -999 -999 -999 -999 -999 -999 -999 -999 -999 -999 -999 -999 -999 -999 -999 -999 -999 -999 -999 -999 -999 -999 -999 -999 29 29 29 29 30 30 30 30 30 30 30 30 30 30 30 30 30 29 30 29 28 26 24 24 23 21 20 20 18 18 14 13 12 15 14 16 15 13 12 11 13 13 11 14 14 14 11 11 12 14 11 11 11 12 12 11 11 11 11 12 12
-999 -999 -999 -999 -999 -999 -999 -999 -999 -999 -999 -999 -999 -999 -999 -999 -999 -999 -999 -999 -999 -999 -999 -999 -999 -999 -999 -999 -999 -999 -999 -999 -999 -999 -999 29 29 29 30 30 30 30 30 30 30 30 30 30 30 31 30 30 29 29 29 29 28 28 27 23 23 19 18 21 19 13 15 14 17 16 16 14 15 13 13 11 14 11 13 13 10 10 11 11 11 11 11 12 12 11 11 11 11 11 12 13
-999 -999 -999 -999 -999 -999 -999 -999 -999 -999 -999 -999 -999 -999 -999 -999 -999 -999 -999 -999 -999 -999 -999 -999 -999 -999 -999 -999 -999 -999 -999 -999 -999 -999 -999 29 29 29 29 30 30 30 30 30 30 30 30 31 30 31 30 29 30 30 28 29 29 28 28 25 23 23 19 21 18 16 16 16 15 16 13 15 13 15 13 12 12 13 14 12 11 10 11 10 10 10 10 11 11 11 11 11 12 13 12 13
-999 -999 -999 -999 -999 -999 -999 -999 -999 -999 -999 -999 -999 -999 -999 -999 -999 -999 -999 -999 -999 -999 -999 -999 -999 -999 -999 -999 -999 -999 -999 -999 -999 -999 -999 29 29 29 29 30 30 30 30 30 30 30 31 31 31 30 30 29 29 29 27 28 29 28 25 27 26 23 22 21 21 17 15 14 16 13 14 11 14 14 12 12 13 14 9 9 12 10 10 10 10 10 10 10 10 11 12 12 12 11 13 13
-999 -999 -999 -999 -999 -999 -999 -999 -999 -999 -999 -999 -999 -999 -999 -999 -999 -999 -999 -999 -999 -999 -999 -999 -999 -999 -999 -999 -999 -999 -999 -999 -999 -999 28 29 29 29 29 30 30 30 30 30 30 30 31 31 30 30 29 29 28 29 29 28 28 27 24 27 24 26 22 22 21 18 14 14 15 13 12 14 12 13 10 12 13 12 9 9 11 9 9 10 10 10 10 10 11 11 12 12 12 11 12 12
-999 -999 -999 -999 -999 -999 -999 -999 -999 -999 -999 -999 -999 -999 -999 -999 -999 -999 -999 -999 -999 -999 -999 -999 -999 -999 -999 -999 -999 -999 -999 -999 28 28 29 29 29 29 29 29 30 30 30 30 30 31 31 31 30 31 31 30 29 28 28 29 27 27 25 25 25 24 21 24 21 19 17 13 12 12 12 12 14 12 10 10 11 12 9 8 8 9 9 10 10 9 10 9 10 11 11 12 12 12 13 12
-999 -999 -999 -999 -999 -999 -999 -999 -999 -999 -999 -999 -999 -999 -999 -999 -999 -999 -999 -999 -999 -999 -999 -999 -999 -999 -999 -999 -999 -999 -999 -999 28 28 28 29 29 29 29 29 29 29 30 30 31 31 31 32 31 31 28 29 30 30 26 28 26 26 26 26 27 25 22 24 20 18 19 13 15 13 12 13 12 10 11 11 8 11 7 7 8 8 9 9 9 10 10 9 10 10 11 12 11 10 12 14
-999 -999 -999 -999 -999 -999 -999 -999 -999 -999 -999 -999 -999 -999 -999 -999 -999 -999 -999 -999 -999 -999 -999 -999 -999 -999 -999 -999 -999 -999 -999 -999 28 28 28 29 29 29 29 29 29 29 30 31 31 31 32 32 31 30 27 27 29 29 26 26 27 26 25 25 27 27 24 23 22 21 18 13 16 12 11 10 11 10 9 8 8 10 8 7 8 8 9 9 9 9 9 9 10 10 12 12 12 11 13 14
-999 -999 -999 -999 -999 -999 -999 -999 -999 -999 -999 -999 -999 -999 -999 -999 -999 -999 -999 -999 -999 -999 -999 -999 -999 -999 -999 -999 -999 -999 -999 -999 28 28 28 29 29 29 29 29 29 29 30 30 31 31 32 32 31 28 28 26 27 29 28 26 25 24 22 25 25 26 23 22 21 19 16 17 16 12 11 12 11 10 9 8 7 6 9 8 8 8 9 10 10 9 10 10 9 10 11 11 11 11 12 14
-999 -999 -999 -999 -999 -999 -999 -999 -999 -999 -999 -999 -999 -999 -999 -999 -999 -999 -999 -999 -999 -999 -999 -999 -999 -999 -999 -999 -999 -999 -999 -999 28 28 29 29 29 29 29 29 29 29 30 30 31 32 32 33 31 29 30 29 27 27 26 25 22 22 21 23 23 26 24 22 19 17 18 19 15 12 14 12 12 11 9 9 7 8 7 8 7 8 8 9 9 10 9 10 10 10 10 10 11 12 13 14
-999 -999 -999 -999 -999 -999 -999 -999 -999 -999 -999 -999 -999 -999 -999 -999 -999 -999 -999 -999 -999 -999 -999 -999 -999 -999 -999 -999 -999 -999 -999 -999 28 28 28 29 29 29 29 29 29 29 30 30 31 32 32 33 32 32 32 29 29 27 27 25 22 22 22 20 21 24 25 22 18 18 19 16 16 12 14 15 15 13 11 8 7 7 7 5 6 7 9 10 9 9 10 11 10 9 11 10 12 12 13 14
-999 -999 -999 -999 -999 -999 -999 -999 -999 -999 -999 -999 -999 -999 -999 -999 -999 -999 -999 -999 -999 -999 -999 -999 -999 -999 -999 -999 -999 -999 -999 28 28 28 28 29 29 29 29 29 29 29 30 31 31 31 32 33 34 33 31 30 30 28 27 26 23 23 23 23 21 24 25 21 19 21 19 16 14 12 15 13 14 12 13 9 7 8 7 7 6 7 9 10 9 10 11 12 10 10 11 13 13 12 13 14
-999 -999 -999 -999 -999 -999 -999 -999 -999 -999 -999 -999 -999 -999 -999 -999 -999 -999 -999 -999 -999 -999 -999 -999 -999 -999 -999 -999 -999 -999 -999 28 28 28 28 29 29 29 29 29 29 29 30 30 31 32 32 33 34 33 32 31 29 28 28 26 25 26 25 21 20 24 24 24 22 21 16 17 12 13 13 13 13 15 14 9 8 9 7 7 6 7 9 9 9 10 10 11 11 11 11 12 13 13 13 14
-999 -999 -999 -999 -999 -999 -999 -999 -999 -999 -999 -999 -999 -999 -999 -999 -999 -999 -999 -999 -999 -999 -999 -999 -999 -999 -999 -999 -999 -999 -999 27 28 28 28 28 28 29 29 29 29 29 29 30 30 30 30 31 33 32 32 29 30 27 25 25 25 26 25 21 20 21 22 23 21 21 20 17 16 12 15 15 14 13 13 11 11 8 9 8 8 8 9 9 9 11 10 10 12 12 11 12 12 12 15 13
-999 -999 -999 -999 -999 -999 -999 -999 -999 -999 -999 -999 -999 -999 -999 -999 -999 -999 -999 -999 -999 -999 -999 -999 -999 -999 -999 -999 -999 -999 27 27 27 27 28 28 28 28 29 29 29 29 29 29 29 30 29 31 32 32 31 31 28 27 26 26 25 25 25 21 23 23 21 22 20 21 19 17 16 15 17 18 16 17 14 11 13 11 8 9 9 8 9 9 11 11 11 12 12 13 11 12 12 13 13 14
-999 -999 -999 -999 -999 -999 -999 -999 -999 -999 -999 -999 -999 -999 -999 -999 -999 -999 -999 -999 -999 -999 -999 -999 -999 -999 -999 -999 -999 -999 27 27 27 27 28 28 28 28 28 29 29 29 29 29 29 28 28 30 31 31 32 30 28 26 25 27 26 24 20 21 24 25 22 20 20 17 17 16 17 16 15 16 18 16 13 11 13 12 11 9 11 9 10 10 10 11 12 12 12 12 12 12 12 12 13 14
-999 -999 -999 -999 -999 -999 -999 -999 -999 -999 -999 -999 -999 -999 -999 -999 -999 -999 -999 -999 -999 -999 -999 -999 -999 -999 -999 -999 -999 -999 27 27 27 27 27 28 28 28 28 28 29 28 29 29 27 29 28 30 30 30 30 31 29 26 27 26 25 23 21 24 26 24 22 21 20 20 18 17 17 19 16 17 19 15 13 12 14 11 13 10 9 11 10 10 10 11 11 12 13 13 12 12 12 12 14 14
-999 -999 -999 -999 -999 -999 -999 -999 -999 -999 -999 -999 -999 -999 -999 -999 -999 -999 -999 -999 -999 -999 -999 -999 -999 -999 -999 -999 -999 -999 27 27 27 27 27 27 27 28 28 28 27 28 28 26 25 27 27 28 29 28 29 29 28 27 28 26 24 24 25 26 25 25 24 23 19 21 22 17 20 21 18 20 19 15 15 13 14 14 13 11 11 14 12 12 13 12 13 12 12 13 12 12 12 13 15 16
-999 -999 -999 -999 -999 -999 -999 -999 -999 -999 -999 -999 -999 -999 -999 -999 -999 -999 -999 -999 -999 -999 -999 -999 -999 -999 -999 -999 -999 -999 27 27 27 27 27 27 27 27 27 28 28 28 28 27 25 24 25 26 26 26 28 29 27 25 28 25 24 26 26 26 24 24 23 21 23 23 21 20 20 22 22 20 19 15 16 15 15 16 12 15 15 12 12 13 13 12 12 13 12 15 14 15 14 15 15 15
-999 -999 -999 -999 -999 -999 -999 -999 -999 -999 -999 -999 -999 -999 -999 -999 -999 -999 -999 -999 -999 -999 -999 -999 -999 -999 -999 -999 -999 -999 27 27 27 27 27 27 27 27 27 28 27 28 27 25 24 23 25 26 27 29 28 28 28 24 27 26 26 27 26 26 23 23 20 22 22 25 21 20 21 22 23 20 18 18 18 15 16 16 14 16 13 13 13 13 13 13 12 12 12 12 12 13 16 14 14 16
-999 -999 -999 -999 -999 -999 -999 -999 -999 -999 -999 -999 -999 -999 -999 -999 -999 -999 -999 -999 -999 -999 -999 -999 -999 -999 -999 -999 -999 -999 27 27 27 27 27 27 27 27 26 27 27 27 25 25 26 24 27 25 26 26 28 28 25 26 28 27 28 27 26 24 23 22 21 23 25 25 23 24 24 24 23 21 18 16 18 17 17 17 15 16 15 14 14 14 13 14 13 13 13 12 13 13 14 14 15 16
-999 -999 -999 -999 -999 -999 -999 -999 -999 -999 -999 -999 -999 -999 -999 -999 -999 -999 -999 -999 -999 -999 -999 -999 -999 -999 -999 -999 -999 -999 27 27 27 27 27 27 27 27 26 26 25 27 27 27 27 27 27 26 27 27 27 27 27 27 27 27 26 26 24 22 23 20 20 24 22 25 26 25 23 21 23 18 19 19 17 20 19 16 18 16 16 16 14 14 14 14 14 13 13 13 13 13 14 16 15 15
-999 -999 -999 -999 -999 -999 -999 -999 -999 -999 -999 -999 -999 -999 -999 -999 -999 -999 -999 -999 -999 -999 -999 -999 -999 -999 -999 -999 -999 -999 27 27 27 27 27 27 27 27 27 27 26 27 28 27 26 27 26 25 24 25 27 27 26 26 26 25 23 22 22 20 18 21 22 26 27 26 28 23 24 22 21 19 21 18 20 20 21 17 18 16 15 15 17 15 15 14 14 14 14 14 13 13 14 16 14 15
-999 -999 -999 -999 -999 -999 -999 -999 -999 -999 -999 -999 -999 -999 -999 -999 -999 -999 -999 -999 -999 -999 -999 -999 -999 -999 -999 -999 -999 -999 27 27 27 27 27 27 27 27 26 26 25 26 27 27 27 26 26 25 26 25 27 26 26 26 26 26 25 22 20 22 20 23 24 24 25 28 25 25 24 24 22 20 21 21 19 20 20 17 19 17 17 15 15 15 15 15 14 14 14 14 13 13 14 14 15 15
-999 -999 -999 -999 -999 -999 -999 -999 -999 -999 -999 -999 -999 -999 -999 -999 -999 -999 -999 -999 -999 -999 -999 -999 -999 -999 -999 -999 -999 27 27 27 27 27 27 27 27 26 26 26 25 24 25 25 27 26 26 25 25 26 23 25 26 25 23 23 24 22 21 23 23 23 26 24 27 28 24 27 26 24 23 22 21 22 19 21 21 19 20 16 15 16 15 15 15 15 15 14 14 14 14 13 14 15 15 15
-999 -999 -999 -999 -999 -999 -999 -999 -999 -999 -999 -999 -999 -999 -999 -999 -999 -999 -999 -999 -999 -999 -999 -999 -999 -999 -999 27 27 27 27 27 27 27 27 27 27 27 26 26 26 24 24 24 26 27 25 24 25 25 24 26 26 26 24 22 23 21 24 25 23 25 24 24 25 28 27 27 23 26 23 23 22 23 21 22 23 22 20 16 16 17 15 15 15 15 15 15 14 13 14 16 14 14 14 15
-999 -999 -999 -999 -999 -999 -999 -999 -999 -999 -999 -999 -999 -999 -999 -999 -999 -999 -999 -999 -999 -999 -999 -999 -999 -999 27 27 27 27 27 27 27 27 27 27 27 26 26 25 26 24 25 25 26 26 24 23 22 23 25 25 26 26 24 25 21 21 25 25 24 26 26 26 27 28 27 28 26 25 23 25 22 22 22 21 24 21 18 17 17 16 15 15 15 15 15 15 15 15 14 15 15 14 15 15
-999 -999 -999 -999 -999 -999 -999 -999 -999 -999 -999 -999 -999 -999 -999 -999 -999 -999 -999 -999 -999 -999 -999 -999 -999 -999 27 27 27 27 27 27 27 27 27 27 27 26 25 25 26 23 24 24 24 26 25 24 22 21 24 24 26 25 26 24 22 25 25 25 26 26 25 28 25 28 26 27 28 27 25 25 26 25 23 24 24 21 18 16 17 16 15 15 15 15 15 14 15 14 14 14 16 15 15 15
-999 -999 -999 -999 -999 -999 -999 -999 -999 -999 -999 -999 -999 -999 -999 -999 -999 -999 -999 -999 -999 -999 -999 -999 -999 -999 27 27 27 27 27 27 27 27 27 27 26 26 26 25 24 23 25 22 25 25 24 25 24 23 24 26 24 25 26 26 25 26 26 26 27 27 28 28 28 28 24 23 26 27 27 25 24 22 24 22 21 20 18 17 16 15 15 15 15 15 15 15 15 14 14 14 16 14 16 15
-999 -999 -999 -999 -999 -999 -999 -999 -999 -999 -999 -999 -999 -999 -999 -999 -999 -999 -999 -999 -999 -999 -999 -999 -999 -999 27 27 27 27 28 28 28 27 28 27 27 26 26 25 23 22 24 22 24 25 24 24 23 23 25 24 23 23 23 26 26 24 23 23 24 25 26 27 26 26 27 25 22 23 24 22 23 21 21 24 20 20 17 17 16 16 16 16 15 15 15 14 15 14 14 14 15 16 16 15
-999 -999 -999 -999 -999 -999 -999 -999 -999 -999 -999 -999 -999 -999 -999 -999 -999 -999 -999 -999 -999 -999 -999 -999 -999 -999 27 28 28 28 28 28 28 28 28 28 27 27 27 26 24 23 24 22 24 25 25 23 23 24 24 23 21 21 23 25 25 22 21 21 23 23 24 25 26 23 26 24 23 21 22 21 20 20 20 21 22 21 18 16 16 17 15 15 15 15 14 13 13 14 14 14 14 15 15 15
