data/grids_germany_annual_hot_days_2003.asc
NCOLS 654
NROWS 866
XLLCORNER 3280414.711633467
YLLCORNER 5237500.62890625
CELLSIZE 1000
NODATA_VALUE -999
[rows 702 to 755 of 866, columns 96 to 191 of 654]
-999 -999 -999 -999 -999 -999 -999 -999 -999 -999 -999 -999 -999 -999 -999 -999 -999 -999 -999 -999 -999 -999 -999 -999 -999 -999 -999 -999 -999 -999 -999 -999 -999 -999 -999 -999 -999 -999 -999 -999 -999 -999 -999 -999 -999 -999 -999 -999 35 35 34 34 33 33 32 32 32 31 30 29 29 28 27 26 25 24 24 25 24 25 25 24 23 22 26 27 25 21 21 18 18 17 19 18 19 22 20 19 20 22 25 22 25 22 25 23
-999 -999 -999 -999 -999 -999 -999 -999 -999 -999 -999 -999 -999 -999 -999 -999 -999 -999 -999 -999 -999 -999 -999 -999 -999 -999 -999 -999 -999 -999 -999 -999 -999 -999 -999 -999 -999 -999 -999 -999 -999 -999 -999 -999 -999 -999 -999 -999 36 35 35 34 34 33 33 32 32 31 30 29 28 28 27 25 23 23 23 23 25 24 25 23 24 21 25 26 26 25 23 23 22 17 18 19 21 21 19 19 22 23 23 22 25 22 23 23
-999 -999 -999 -999 -999 -999 -999 -999 -999 -999 -999 -999 -999 -999 -999 -999 -999 -999 -999 -999 -999 -999 -999 -999 -999 -999 -999 -999 -999 -999 -999 -999 -999 -999 -999 -999 -999 -999 -999 -999 -999 -999 -999 -999 -999 -999 -999 36 36 36 35 34 33 33 33 32 32 32 30 28 28 28 27 24 24 23 19 24 25 25 24 23 21 21 22 25 26 24 23 24 20 18 19 20 19 19 19 19 20 23 22 24 23 22 22 23
-999 -999 -999 -999 -999 -999 -999 -999 -999 -999 -999 -999 -999 -999 -999 -999 -999 -999 -999 -999 -999 -999 -999 -999 -999 -999 -999 -999 -999 -999 -999 -999 -999 -999 -999 -999 -999 -999 -999 -999 -999 -999 -999 -999 -999 -999 -999 37 36 36 35 34 34 33 33 33 32 31 30 28 28 27 25 24 24 23 23 23 23 22 22 22 19 20 20 21 26 24 22 21 21 17 18 18 19 20 21 23 23 23 22 24 23 24 23 23
-999 -999 -999 -999 -999 -999 -999 -999 -999 -999 -999 -999 -999 -999 -999 -999 -999 -999 -999 -999 -999 -999 -999 -999 -999 -999 -999 -999 -999 -999 -999 -999 -999 -999 -999 -999 -999 -999 -999 -999 -999 -999 -999 -999 -999 -999 38 38 38 37 36 35 35 34 33 32 32 31 29 28 27 25 23 20 21 22 19 21 22 21 19 19 19 19 20 21 26 23 20 19 16 18 18 19 19 19 19 20 21 23 22 24 22 22 22 23
-999 -999 -999 -999 -999 -999 -999 -999 -999 -999 -999 -999 -999 -999 -999 -999 -999 -999 -999 -999 -999 -999 -999 -999 -999 -999 -999 -999 -999 -999 -999 -999 -999 -999 -999 -999 -999 -999 -999 -999 -999 -999 -999 -999 -999 39 39 39 39 39 37 36 36 35 34 32 31 31 29 26 25 25 23 21 19 17 18 18 21 20 18 17 15 17 23 24 23 23 21 16 16 16 18 19 20 20 22 23 24 24 21 24 22 22 22 22
-999 -999 -999 -999 -999 -999 -999 -999 -999 -999 -999 -999 -999 -999 -999 -999 -999 -999 -999 -999 -999 -999 -999 -999 -999 -999 -999 -999 -999 -999 -999 -999 -999 -999 -999 -999 -999 -999 -999 -999 -999 -999 -999 -999 39 39 39 40 40 40 38 36 36 35 34 32 31 31 28 26 25 24 20 20 17 18 16 19 18 20 18 16 17 19 22 24 25 21 19 18 16 17 17 19 21 21 23 23 23 21 21 25 22 23 22 23
-999 -999 -999 -999 -999 -999 -999 -999 -999 -999 -999 -999 -999 -999 -999 -999 -999 -999 -999 -999 -999 -999 -999 -999 -999 -999 -999 -999 -999 -999 -999 -999 -999 -999 -999 -999 -999 -999 -999 -999 -999 -999 -999 39 39 39 40 40 40 40 39 37 36 36 34 32 31 30 28 26 24 22 16 18 20 19 15 16 18 17 18 14 13 15 18 22 24 22 19 18 16 18 18 18 20 22 22 21 23 20 21 23 24 22 22 23
-999 -999 -999 -999 -999 -999 -999 -999 -999 -999 -999 -999 -999 -999 -999 -999 -999 -999 -999 -999 -999 -999 -999 -999 -999 -999 -999 -999 -999 -999 -999 -999 -999 -999 -999 -999 -999 -999 -999 -999 -999 -999 40 40 40 40 40 40 41 42 40 38 37 36 34 32 31 30 28 25 23 21 17 17 19 16 16 14 14 15 13 16 17 15 18 22 23 21 19 20 16 18 18 21 21 21 19 22 20 20 21 22 22 21 23 23
-999 -999 -999 -999 -999 -999 -999 -999 -999 -999 -999 -999 -999 -999 -999 -999 -999 -999 -999 -999 -999 -999 -999 -999 -999 -999 -999 -999 -999 -999 -999 -999 -999 -999 -999 -999 -999 -999 -999 -999 -999 41 41 40 40 40 40 40 40 41 39 38 37 36 34 32 31 30 27 25 24 20 19 15 17 16 15 14 14 14 14 13 16 17 16 21 23 20 21 19 17 18 17 19 22 21 19 19 19 21 22 21 21 22 22 24
-999 -999 -999 -999 -999 -999 -999 -999 -999 -999 -999 -999 -999 -999 -999 -999 -999 -999 -999 -999 -999 -999 -999 -999 -999 -999 -999 -999 -999 -999 -999 -999 -999 -999 -999 -999 -999 -999 -999 -999 42 42 41 40 40 40 40 40 40 40 39 37 37 36 34 31 31 30 28 24 24 21 18 15 16 13 14 14 13 15 15 16 14 16 18 18 22 19 18 16 17 17 19 20 18 19 19 19 21 20 22 21 22 22 22 24
-999 -999 -999 -999 -999 -999 -999 -999 -999 -999 -999 -999 -999 -999 -999 -999 -999 -999 -999 -999 -999 -999 -999 -999 -999 -999 -999 -999 -999 -999 -999 -999 -999 -999 -999 -999 -999 -999 43 43 42 42 42 41 40 40 40 40 40 39 38 37 37 36 34 32 31 30 27 24 22 20 15 13 13 11 13 12 14 12 14 16 12 15 18 21 19 20 16 16 17 18 18 19 18 18 19 20 20 20 21 21 22 22 23 23
-999 -999 -999 -999 -999 -999 -999 -999 -999 -999 -999 -999 -999 -999 -999 -999 -999 -999 -999 -999 -999 -999 -999 -999 -999 -999 -999 -999 -999 -999 -999 -999 -999 -999 -999 -999 -999 -999 45 44 44 44 43 42 41 41 40 39 39 38 37 36 35 35 33 31 31 30 28 24 22 20 16 14 11 11 12 13 14 12 13 14 17 18 19 21 21 17 16 16 17 18 18 19 17 18 20 19 20 20 21 22 22 22 22 22
-999 -999 -999 -999 -999 -999 -999 -999 -999 -999 -999 -999 -999 -999 -999 -999 -999 -999 -999 -999 -999 -999 -999 -999 -999 -999 -999 -999 -999 -999 -999 -999 -999 -999 -999 -999 -999 47 46 46 46 45 44 42 42 41 40 39 38 38 36 35 34 34 32 31 30 30 27 22 17 18 15 15 11 11 12 13 15 14 14 16 19 18 17 19 20 19 16 17 17 17 18 17 17 18 21 19 20 21 21 21 23 22 23 23
-999 -999 -999 -999 -999 -999 -999 -999 -999 -999 -999 -999 -999 -999 -999 -999 -999 -999 -999 -999 -999 -999 -999 -999 -999 -999 -999 -999 -999 -999 -999 -999 -999 -999 -999 -999 -999 47 47 46 46 46 44 42 42 41 40 38 38 37 36 34 34 34 32 31 30 29 27 23 19 17 12 11 7 9 11 13 14 15 17 17 15 14 17 20 21 18 15 16 16 17 18 18 18 19 19 20 20 21 21 22 22 21 23 23
-999 -999 -999 -999 -999 -999 -999 -999 -999 -999 -999 -999 -999 -999 -999 -999 -999 -999 -999 -999 -999 -999 -999 -999 -999 -999 -999 -999 -999 -999 -999 -999 -999 -999 -999 -999 48 48 47 47 46 46 44 43 42 42 40 38 38 37 36 34 34 33 32 30 30 29 25 22 20 16 14 13 8 11 12 14 15 14 16 14 13 15 18 19 21 20 19 17 16 16 17 18 18 19 19 21 21 21 21 21 22 23 24 24
-999 -999 -999 -999 -999 -999 -999 -999 -999 -999 -999 -999 -999 -999 -999 -999 -999 -999 -999 -999 -999 -999 -999 -999 -999 -999 -999 -999 -999 -999 -999 -999 -999 -999 -999 -999 49 48 48 48 47 46 45 43 43 42 40 38 37 37 35 34 33 33 32 30 30 29 27 24 20 19 17 14 8 10 11 14 13 15 13 14 17 17 18 21 21 21 22 19 17 17 18 18 19 19 20 21 21 22 21 22 23 23 24 26
-999 -999 -999 -999 -999 -999 -999 -999 -999 -999 -999 -999 -999 -999 -999 -999 -999 -999 -999 -999 -999 -999 -999 -999 -999 -999 -999 -999 -999 -999 -999 -999 -999 -999 -999 50 50 50 49 48 48 47 45 44 43 42 40 38 37 36 35 33 32 32 32 30 30 29 28 24 20 21 20 15 13 13 12 15 16 16 16 17 18 19 19 19 20 19 22 18 18 18 20 19 21 19 20 22 23 22 23 23 23 23 23 25
-999 -999 -999 -999 -999 -999 -999 -999 -999 -999 -999 -999 -999 -999 -999 -999 -999 -999 -999 -999 -999 -999 -999 -999 -999 -999 -999 -999 -999 -999 -999 -999 -999 -999 -999 50 52 50 49 49 49 48 46 43 43 43 40 37 37 37 35 33 32 32 30 30 28 30 25 26 23 21 20 18 15 13 11 13 13 14 15 17 17 18 16 17 19 20 22 20 18 18 20 19 20 21 21 22 23 22 23 23 25 23 25 25
-999 -999 -999 -999 -999 -999 -999 -999 -999 -999 -999 -999 -999 -999 -999 -999 -999 -999 -999 -999 -999 -999 -999 -999 -999 -999 -999 -999 -999 -999 -999 -999 -999 -999 -999 50 50 50 49 48 48 47 45 44 43 42 40 38 37 36 35 33 32 32 31 29 28 29 23 24 24 22 20 18 17 15 14 13 14 14 13 16 17 17 14 17 16 20 21 21 18 18 20 19 21 20 22 23 22 22 22 23 24 23 23 24
-999 -999 -999 -999 -999 -999 -999 -999 -999 -999 -999 -999 -999 -999 -999 -999 -999 -999 -999 -999 -999 -999 -999 -999 -999 -999 -999 -999 -999 -999 -999 -999 -999 -999 -999 48 49 48 48 47 47 46 45 43 43 42 40 38 37 36 35 34 33 33 31 30 29 27 23 26 25 23 20 18 14 14 13 12 13 15 17 17 16 15 15 15 17 16 20 22 19 18 21 21 19 20 20 21 21 21 22 23 24 23 23 23
-999 -999 -999 -999 -999 -999 -999 -999 -999 -999 -999 -999 -999 -999 -999 -999 -999 -999 -999 -999 -999 -999 -999 -999 -999 -999 -999 -999 -999 -999 -999 -999 -999 -999 -999 47 47 47 47 46 46 46 44 43 42 41 40 38 37 36 35 34 33 32 31 31 30 25 23 24 23 24 21 19 14 13 14 15 14 14 15 14 15 17 18 16 16 18 21 21 18 18 18 22 21 20 22 20 20 21 21 23 23 23 23 23
-999 -999 -999 -999 -999 -999 -999 -999 -999 -999 -999 -999 -999 -999 -999 -999 -999 -999 -999 -999 -999 -999 -999 -999 -999 -999 -999 -999 -999 -999 -999 -999 -999 -999 -999 47 47 47 46 46 46 46 44 42 42 41 39 37 37 37 35 34 33 33 32 31 30 25 23 24 23 22 22 21 17 15 16 17 16 18 14 14 15 15 18 19 17 20 21 21 19 18 19 22 22 21 20 20 21 21 21 21 22 23 23 23
-999 -999 -999 -999 -999 -999 -999 -999 -999 -999 -999 -999 -999 -999 -999 -999 -999 -999 -999 -999 -999 -999 -999 -999 -999 -999 -999 -999 -999 -999 -999 -999 -999 -999 -999 46 47 46 46 45 45 45 43 42 42 41 39 38 37 37 35 34 33 33 32 31 29 26 25 24 22 20 21 19 18 14 14 13 16 15 18 18 16 15 16 18 18 17 20 21 21 18 19 20 22 20 20 20 21 21 21 21 21 22 23 23
-999 -999 -999 -999 -999 -999 -999 -999 -999 -999 -999 -999 -999 -999 -999 -999 -999 -999 -999 -999 -999 -999 -999 -999 -999 -999 -999 -999 -999 -999 -999 -999 -999 -999 -999 44 45 45 44 44 44 43 42 41 41 40 39 38 37 37 35 34 33 33 32 31 31 31 29 25 24 21 19 21 20 15 16 15 19 19 19 18 19 18 18 17 20 17 19 20 17 18 19 19 19 19 20 21 21 21 21 21 21 21 23 24
-999 -999 -999 -999 -999 -999 -999 -999 -999 -999 -999 -999 -999 -999 -999 -999 -999 -999 -999 -999 -999 -999 -999 -999 -999 -999 -999 -999 -999 -999 -999 -999 -999 -999 -999 43 43 43 43 42 42 42 41 40 40 40 39 38 36 37 35 33 34 33 32 32 32 31 30 27 25 25 21 23 19 17 18 19 18 19 16 19 18 20 19 18 19 20 21 19 19 18 19 19 19 19 19 21 21 21 21 21 22 23 22 23
-999 -999 -999 -999 -999 -999 -999 -999 -999 -999 -999 -999 -999 -999 -999 -999 -999 -999 -999 -999 -999 -999 -999 -999 -999 -999 -999 -999 -999 -999 -999 -999 -999 -999 -999 42 42 42 42 41 41 41 40 40 40 40 38 37 37 36 35 33 33 33 31 31 32 31 27 29 28 25 24 23 22 18 17 17 19 16 19 16 19 19 18 19 19 21 17 17 20 18 18 19 19 19 19 20 20 21 22 22 22 21 22 23
-999 -999 -999 -999 -999 -999 -999 -999 -999 -999 -999 -999 -999 -999 -999 -999 -999 -999 -999 -999 -999 -999 -999 -999 -999 -999 -999 -999 -999 -999 -999 -999 -999 -999 42 42 42 42 41 41 41 41 40 40 40 39 38 38 36 36 34 33 32 32 32 31 31 30 27 29 26 28 24 24 23 20 17 17 18 17 17 19 17 19 16 19 20 20 17 17 19 18 18 18 19 19 19 19 21 21 22 22 22 21 21 22
-999 -999 -999 -999 -999 -999 -999 -999 -999 -999 -999 -999 -999 -999 -999 -999 -999 -999 -999 -999 -999 -999 -999 -999 -999 -999 -999 -999 -999 -999 -999 -999 41 41 41 41 41 41 40 40 40 40 39 39 39 39 38 38 36 36 35 34 33 31 31 31 30 30 27 27 28 26 24 26 24 22 20 17 17 17 17 17 20 19 16 17 19 20 18 16 16 17 18 19 19 18 20 19 20 21 21 22 22 22 22 22
-999 -999 -999 -999 -999 -999 -999 -999 -999 -999 -999 -999 -999 -999 -999 -999 -999 -999 -999 -999 -999 -999 -999 -999 -999 -999 -999 -999 -999 -999 -999 -999 40 40 40 40 39 40 39 39 39 39 39 38 38 38 38 37 36 36 32 32 33 33 29 31 28 29 28 28 29 28 25 26 23 22 23 17 20 18 18 19 19 17 19 19 17 20 16 16 17 17 18 19 19 19 20 19 20 20 21 22 21 20 22 23
-999 -999 -999 -999 -999 -999 -999 -999 -999 -999 -999 -999 -999 -999 -999 -999 -999 -999 -999 -999 -999 -999 -999 -999 -999 -999 -999 -999 -999 -999 -999 -999 40 40 40 39 39 39 39 39 38 38 38 38 38 38 38 37 36 35 31 30 32 32 29 29 30 28 27 27 29 29 27 26 25 24 23 19 22 18 17 17 18 17 17 16 17 19 17 17 18 18 18 19 19 19 18 19 20 20 22 22 22 21 23 23
-999 -999 -999 -999 -999 -999 -999 -999 -999 -999 -999 -999 -999 -999 -999 -999 -999 -999 -999 -999 -999 -999 -999 -999 -999 -999 -999 -999 -999 -999 -999 -999 40 40 39 39 39 39 39 38 38 38 38 38 38 38 38 37 36 33 32 29 30 32 31 29 28 26 24 28 27 29 25 25 24 23 21 22 22 18 17 18 18 18 17 16 16 16 18 18 18 18 19 19 20 19 20 20 19 20 21 21 21 20 22 23
-999 -999 -999 -999 -999 -999 -999 -999 -999 -999 -999 -999 -999 -999 -999 -999 -999 -999 -999 -999 -999 -999 -999 -999 -999 -999 -999 -999 -999 -999 -999 -999 39 39 39 39 39 39 38 38 38 38 38 38 38 38 38 37 35 32 33 32 30 30 29 28 25 24 24 25 26 29 27 25 23 21 23 24 21 18 20 18 19 18 17 17 16 17 17 17 17 17 18 18 18 20 19 20 20 20 20 20 20 21 22 23
-999 -999 -999 -999 -999 -999 -999 -999 -999 -999 -999 -999 -999 -999 -999 -999 -999 -999 -999 -999 -999 -999 -999 -999 -999 -999 -999 -999 -999 -999 -999 -999 39 39 39 38 38 38 38 38 38 38 38 38 38 38 37 37 35 34 35 32 32 30 30 28 25 24 25 23 24 28 28 25 22 23 24 22 22 18 20 22 21 20 19 16 16 17 17 15 15 17 19 19 18 18 20 21 20 19 20 20 21 21 22 23
-999 -999 -999 -999 -999 -999 -999 -999 -999 -999 -999 -999 -999 -999 -999 -999 -999 -999 -999 -999 -999 -999 -999 -999 -999 -999 -999 -999 -999 -999 -999 39 39 39 39 38 38 38 38 38 38 38 38 38 38 38 37 37 37 36 34 33 33 30 30 29 26 26 26 26 24 27 28 24 23 25 24 21 20 18 21 20 21 19 20 17 16 17 16 16 15 17 19 19 18 20 21 22 20 20 20 22 22 21 22 22
-999 -999 -999 -999 -999 -999 -999 -999 -999 -999 -999 -999 -999 -999 -999 -999 -999 -999 -999 -999 -999 -999 -999 -999 -999 -999 -999 -999 -999 -999 -999 39 39 39 39 38 38 38 38 38 38 38 38 38 38 38 37 37 37 35 35 34 32 30 31 29 28 29 28 24 23 27 27 27 26 25 21 22 18 19 19 19 19 22 21 17 17 18 16 16 15 16 19 18 19 20 19 21 21 20 21 21 22 22 22 23
-999 -999 -999 -999 -999 -999 -999 -999 -999 -999 -999 -999 -999 -999 -999 -999 -999 -999 -999 -999 -999 -999 -999 -999 -999 -999 -999 -999 -999 -999 -999 39 39 39 39 38 38 38 38 38 38 38 37 38 37 36 35 35 36 35 34 32 33 30 28 28 29 30 28 25 23 25 25 26 25 25 25 22 22 19 21 21 21 21 20 18 20 17 18 17 17 17 19 19 19 20 20 20 22 21 21 21 21 22 24 22
-999 -999 -999 -999 -999 -999 -999 -999 -999 -999 -999 -999 -999 -999 -999 -999 -999 -999 -999 -999 -999 -999 -999 -999 -999 -999 -999 -999 -999 -999 38 39 39 39 38 38 38 38 38 38 38 38 37 36 36 36 34 35 36 36 34 34 32 31 29 30 29 29 28 25 27 26 25 25 23 25 23 22 21 21 22 24 22 24 21 19 21 19 18 18 18 18 19 19 21 21 21 21 22 23 21 22 22 23 22 23
-999 -999 -999 -999 -999 -999 -999 -999 -999 -999 -999 -999 -999 -999 -999 -999 -999 -999 -999 -999 -999 -999 -999 -999 -999 -999 -999 -999 -999 -999 38 39 39 39 39 38 38 38 38 38 38 38 38 36 36 35 34 34 35 35 35 34 32 30 29 31 30 28 24 25 28 28 26 23 23 20 21 21 22 21 21 22 24 22 20 19 21 19 19 19 20 18 20 20 20 21 21 22 22 22 21 22 22 22 22 23
-999 -999 -999 -999 -999 -999 -999 -999 -999 -999 -999 -999 -999 -999 -999 -999 -999 -999 -999 -999 -999 -999 -999 -999 -999 -999 -999 -999 -999 -999 38 39 39 39 38 38 38 38 38 38 38 37 38 36 34 36 33 35 34 35 34 35 33 30 31 30 29 27 25 28 30 27 25 25 23 23 22 21 22 24 21 23 25 21 20 19 22 19 21 19 18 20 19 19 20 20 21 22 23 23 22 22 22 22 23 23
-999 -999 -999 -999 -999 -999 -999 -999 -999 -999 -999 -999 -999 -999 -999 -999 -999 -999 -999 -999 -999 -999 -999 -999 -999 -999 -999 -999 -999 -999 38 38 38 38 38 38 39 38 38 38 37 37 36 34 32 34 33 33 33 32 33 33 32 31 32 30 29 29 29 30 29 29 27 26 23 25 25 21 25 26 24 25 25 22 21 20 21 21 21 19 20 23 21 21 22 22 22 22 22 23 22 22 22 22 25 26
-999 -999 -999 -999 -999 -999 -999 -999 -999 -999 -999 -999 -999 -999 -999 -999 -999 -999 -999 -999 -999 -999 -999 -999 -999 -999 -999 -999 -999 -999 38 38 38 38 38 39 39 39 38 38 38 38 36 35 32 31 31 31 31 31 33 33 32 30 33 30 29 30 30 30 28 28 27 24 26 27 25 24 24 27 27 26 25 22 23 22 21 23 20 23 23 21 21 22 22 22 22 23 22 25 24 25 24 25 25 24
-999 -999 -999 -999 -999 -999 -999 -999 -999 -999 -999 -999 -999 -999 -999 -999 -999 -999 -999 -999 -999 -999 -999 -999 -999 -999 -999 -999 -999 -999 38 38 38 38 38 39 39 39 39 38 37 38 36 32 31 30 32 31 32 34 33 33 33 29 32 30 31 31 30 30 27 27 24 26 26 28 25 24 25 26 28 26 24 24 24 22 23 23 21 24 21 21 22 22 22 22 22 22 22 22 23 23 26 24 24 25
-999 -999 -999 -999 -999 -999 -999 -999 -999 -999 -999 -999 -999 -999 -999 -999 -999 -999 -999 -999 -999 -999 -999 -999 -999 -999 -999 -999 -999 -999 38 38 38 38 38 38 39 39 37 37 37 36 34 32 33 31 33 31 31 32 33 33 30 31 33 31 32 31 30 28 27 26 25 27 29 29 27 27 28 28 28 27 24 22 24 23 24 24 22 23 23 22 22 22 22 23 22 22 23 23 23 23 24 24 24 25
-999 -999 -999 -999 -999 -999 -999 -999 -999 -999 -999 -999 -999 -999 -999 -999 -999 -999 -999 -999 -999 -999 -999 -999 -999 -999 -999 -999 -999 -999 38 38 38 38 38 38 38 38 37 36 35 36 35 35 35 34 33 32 32 32 33 33 32 32 32 32 31 30 28 26 27 24 24 28 26 29 30 29 27 26 27 23 24 25 23 26 25 23 25 24 24 24 23 23 23 23 23 23 23 23 23 24 25 27 25 25
-999 -999 -999 -999 -999 -999 -999 -999 -999 -999 -999 -999 -999 -999 -999 -999 -999 -999 -999 -999 -999 -999 -999 -999 -999 -999 -999 -999 -999 -999 37 37 37 37 37 37 37 37 37 37 35 36 36 35 33 34 33 31 30 31 33 32 32 32 31 30 28 27 26 24 22 25 26 30 31 30 31 27 28 26 25 24 26 23 26 26 27 24 25 24 23 23 25 23 23 23 23 23 23 24 24 24 25 27 25 25
-999 -999 -999 -999 -999 -999 -999 -999 -999 -999 -999 -999 -999 -999 -999 -999 -999 -999 -999 -999 -999 -999 -999 -999 -999 -999 -999 -999 -999 -999 37 37 37 37 37 37 37 37 36 35 34 35 35 34 34 33 33 31 32 31 32 32 32 32 32 31 30 27 25 26 24 27 28 28 29 32 29 29 28 28 26 25 26 26 25 26 26 23 25 25 25 23 23 23 23 23 23 23 24 24 24 24 26 25 25 25
-999 -999 -999 -999 -999 -999 -999 -999 -999 -999 -999 -999 -999 -999 -999 -999 -999 -999 -999 -999 -999 -999 -999 -999 -999 -999 -999 -999 -999 37 37 37 37 37 37 37 37 36 35 35 34 33 34 32 34 33 33 31 31 32 29 31 32 31 29 29 29 27 26 27 27 27 30 28 31 32 28 31 30 28 26 26 26 27 24 26 27 25 27 23 23 24 23 23 23 23 23 24 24 24 24 24 26 26 25 25
-999 -999 -999 -999 -999 -999 -999 -999 -999 -999 -999 -999 -999 -999 -999 -999 -999 -999 -999 -999 -999 -999 -999 -999 -999 -999 -999 38 37 37 37 37 37 37 37 37 37 36 35 35 35 33 32 32 34 34 31 30 32 31 30 32 32 32 30 28 29 26 29 30 27 29 28 28 29 32 30 31 27 30 27 27 26 27 26 26 28 28 26 22 23 24 23 23 23 23 23 24 24 23 24 27 25 25 24 25
-999 -999 -999 -999 -999 -999 -999 -999 -999 -999 -999 -999 -999 -999 -999 -999 -999 -999 -999 -999 -999 -999 -999 -999 -999 -999 38 38 38 37 37 37 37 37 37 36 36 35 35 34 35 33 33 33 33 33 31 29 28 29 31 31 32 32 30 31 27 27 30 30 29 30 30 30 31 31 31 31 30 29 27 29 26 27 26 26 28 26 24 23 23 23 22 23 23 23 24 24 24 24 24 26 26 25 25 25
-999 -999 -999 -999 -999 -999 -999 -999 -999 -999 -999 -999 -999 -999 -999 -999 -999 -999 -999 -999 -999 -999 -999 -999 -999 -999 38 38 38 38 37 37 37 37 36 36 36 35 34 34 35 32 32 31 31 33 32 30 28 27 30 30 32 31 31 29 28 30 31 30 31 31 29 32 29 32 30 31 32 31 29 29 30 29 27 28 28 26 24 22 23 22 22 23 23 23 24 23 24 23 24 24 27 25 25 25
-999 -999 -999 -999 -999 -999 -999 -999 -999 -999 -999 -999 -999 -999 -999 -999 -999 -999 -999 -999 -999 -999 -999 -999 -999 -999 38 38 38 38 37 37 37 37 36 36 35 35 35 33 32 31 33 29 32 32 30 31 30 29 30 31 29 30 31 31 30 31 31 31 32 32 32 33 32 32 28 27 30 31 31 29 28 26 28 26 25 25 24 22 22 22 22 23 23 23 24 24 24 23 24 24 26 24 26 25
-999 -999 -999 -999 -999 -999 -999 -999 -999 -999 -999 -999 -999 -999 -999 -999 -999 -999 -999 -999 -999 -999 -999 -999 -999 -999 38 38 38 38 37 37 37 37 36 36 36 34 34 33 31 29 31 28 30 31 30 29 28 28 30 29 28 28 28 31 31 29 28 28 29 29 31 31 30 30 30 28 26 27 28 25 27 25 26 28 25 25 23 22 22 23 23 23 23 23 23 22 24 24 24 24 25 26 26 25
-999 -999 -999 -999 -999 -999 -999 -999 -999 -999 -999 -999 -999 -999 -999 -999 -999 -999 -999 -999 -999 -999 -999 -999 -999 -999 38 38 38 38 38 37 37 37 36 36 34 34 34 32 30 29 30 27 29 30 30 28 27 28 29 28 26 26 29 31 30 28 27 27 29 28 28 29 30 27 30 28 27 25 25 25 25 25 24 26 27 26 24 22 22 23 22 23 23 23 22 22 22 23 24 24 24 25 25 25
