data/grids_germany_annual_hot_days_2018.asc
NCOLS 654
NROWS 866
XLLCORNER 3280414.711633467
YLLCORNER 5237500.62890625
CELLSIZE 1000
NODATA_VALUE -999
[rows 702 to 755 of 866, columns 96 to 191 of 654]
-999 -999 -999 -999 -999 -999 -999 -999 -999 -999 -999 -999 -999 -999 -999 -999 -999 -999 -999 -999 -999 -999 -999 -999 -999 -999 -999 -999 -999 -999 -999 -999 -999 -999 -999 -999 -999 -999 -999 -999 -999 -999 -999 -999 -999 -999 -999 -999 35 35 35 35 35 34 34 34 34 33 33 32 31 31 29 28 27 25 24 25 24 25 25 24 23 22 25 26 24 20 19 16 16 15 16 15 15 18 16 14 15 16 18 15 18 14 17 15
-999 -999 -999 -999 -999 -999 -999 -999 -999 -999 -999 -999 -999 -999 -999 -999 -999 -999 -999 -999 -999 -999 -999 -999 -999 -999 -999 -999 -999 -999 -999 -999 -999 -999 -999 -999 -999 -999 -999 -999 -999 -999 -999 -999 -999 -999 -999 -999 36 35 35 35 35 35 35 35 35 34 33 32 32 31 30 28 25 25 23 23 25 24 25 23 24 21 25 26 25 24 22 21 20 15 15 15 17 17 15 14 17 18 16 15 17 14 15 14
-999 -999 -999 -999 -999 -999 -999 -999 -999 -999 -999 -999 -999 -999 -999 -999 -999 -999 -999 -999 -999 -999 -999 -999 -999 -999 -999 -999 -999 -999 -999 -999 -999 -999 -999 -999 -999 -999 -999 -999 -999 -999 -999 -999 -999 -999 -999 36 36 36 36 35 35 35 35 35 35 34 33 32 32 31 30 27 26 25 20 24 25 25 24 23 21 21 22 25 26 23 22 22 18 16 15 16 15 15 15 14 15 18 15 16 15 14 13 14
-999 -999 -999 -999 -999 -999 -999 -999 -999 -999 -999 -999 -999 -999 -999 -999 -999 -999 -999 -999 -999 -999 -999 -999 -999 -999 -999 -999 -999 -999 -999 -999 -999 -999 -999 -999 -999 -999 -999 -999 -999 -999 -999 -999 -999 -999 -999 36 36 36 36 36 35 35 35 35 35 34 34 33 32 31 29 27 26 25 24 24 23 22 22 22 19 20 20 21 25 23 21 19 19 15 14 14 15 16 17 18 18 17 15 16 15 16 14 14
-999 -999 -999 -999 -999 -999 -999 -999 -999 -999 -999 -999 -999 -999 -999 -999 -999 -999 -999 -999 -999 -999 -999 -999 -999 -999 -999 -999 -999 -999 -999 -999 -999 -999 -999 -999 -999 -999 -999 -999 -999 -999 -999 -999 -999 -999 37 37 37 37 37 36 36 36 35 35 35 34 34 33 32 30 28 24 25 25 22 22 23 22 19 19 19 19 20 21 26 21 19 18 13 15 15 15 15 15 14 15 16 17 16 16 14 13 13 14
-999 -999 -999 -999 -999 -999 -999 -999 -999 -999 -999 -999 -999 -999 -999 -999 -999 -999 -999 -999 -999 -999 -999 -999 -999 -999 -999 -999 -999 -999 -999 -999 -999 -999 -999 -999 -999 -999 -999 -999 -999 -999 -999 -999 -999 36 37 38 38 38 38 37 37 36 35 35 35 34 34 33 32 31 29 27 25 21 21 20 22 21 19 18 16 18 23 23 22 22 19 14 13 13 15 15 16 16 17 18 18 18 14 16 13 13 13 12
-999 -999 -999 -999 -999 -999 -999 -999 -999 -999 -999 -999 -999 -999 -999 -999 -999 -999 -999 -999 -999 -999 -999 -999 -999 -999 -999 -999 -999 -999 -999 -999 -999 -999 -999 -999 -999 -999 -999 -999 -999 -999 -999 -999 36 36 37 39 39 39 38 37 37 37 36 35 35 35 34 32 32 31 27 27 24 24 20 21 19 21 19 17 18 20 22 23 24 20 17 16 13 14 14 16 17 17 18 17 17 15 14 16 13 14 12 13
-999 -999 -999 -999 -999 -999 -999 -999 -999 -999 -999 -999 -999 -999 -999 -999 -999 -999 -999 -999 -999 -999 -999 -999 -999 -999 -999 -999 -999 -999 -999 -999 -999 -999 -999 -999 -999 -999 -999 -999 -999 -999 -999 36 36 37 38 39 39 39 39 38 37 37 36 35 35 34 33 33 31 29 25 27 27 25 19 19 20 19 19 15 14 16 19 21 23 21 17 16 14 15 15 15 17 18 17 15 17 13 14 15 15 13 12 13
-999 -999 -999 -999 -999 -999 -999 -999 -999 -999 -999 -999 -999 -999 -999 -999 -999 -999 -999 -999 -999 -999 -999 -999 -999 -999 -999 -999 -999 -999 -999 -999 -999 -999 -999 -999 -999 -999 -999 -999 -999 -999 36 36 37 37 38 39 39 40 39 39 38 37 36 35 35 34 33 32 30 28 25 25 27 22 21 18 17 17 15 17 18 16 19 22 22 20 18 18 14 16 15 18 17 17 15 16 13 13 14 14 14 12 13 12
-999 -999 -999 -999 -999 -999 -999 -999 -999 -999 -999 -999 -999 -999 -999 -999 -999 -999 -999 -999 -999 -999 -999 -999 -999 -999 -999 -999 -999 -999 -999 -999 -999 -999 -999 -999 -999 -999 -999 -999 -999 35 36 36 37 37 38 39 39 39 39 38 38 37 36 35 34 34 32 31 31 28 27 23 25 23 21 18 18 18 16 15 18 19 17 21 23 20 20 18 15 16 15 15 18 17 14 14 13 14 14 13 12 13 12 13
-999 -999 -999 -999 -999 -999 -999 -999 -999 -999 -999 -999 -999 -999 -999 -999 -999 -999 -999 -999 -999 -999 -999 -999 -999 -999 -999 -999 -999 -999 -999 -999 -999 -999 -999 -999 -999 -999 -999 -999 35 35 36 37 37 37 38 39 39 39 38 38 38 37 36 34 34 34 33 31 31 29 26 23 24 21 20 18 17 19 17 18 16 18 18 18 22 19 17 15 15 15 16 17 15 15 14 13 15 14 14 12 13 13 12 12
-999 -999 -999 -999 -999 -999 -999 -999 -999 -999 -999 -999 -999 -999 -999 -999 -999 -999 -999 -999 -999 -999 -999 -999 -999 -999 -999 -999 -999 -999 -999 -999 -999 -999 -999 -999 -999 -999 34 34 35 35 36 36 37 37 38 38 38 38 38 38 38 37 35 34 34 33 32 31 29 28 23 21 21 19 19 17 18 16 18 18 14 17 20 21 19 20 15 15 15 16 15 16 15 13 14 14 14 14 13 12 13 13 13 13
-999 -999 -999 -999 -999 -999 -999 -999 -999 -999 -999 -999 -999 -999 -999 -999 -999 -999 -999 -999 -999 -999 -999 -999 -999 -999 -999 -999 -999 -999 -999 -999 -999 -999 -999 -999 -999 -999 34 34 35 35 35 36 36 37 37 37 37 38 37 37 36 36 35 34 34 33 33 30 29 27 24 23 20 18 19 19 19 16 17 16 19 20 21 21 21 17 15 15 15 15 15 16 13 14 15 13 14 13 14 14 13 13 12 12
-999 -999 -999 -999 -999 -999 -999 -999 -999 -999 -999 -999 -999 -999 -999 -999 -999 -999 -999 -999 -999 -999 -999 -999 -999 -999 -999 -999 -999 -999 -999 -999 -999 -999 -999 -999 -999 33 34 34 34 34 35 35 35 36 36 36 36 36 36 36 35 35 35 34 33 33 32 29 25 26 23 24 21 21 19 18 20 19 18 19 21 20 19 19 20 19 15 15 15 15 15 13 13 14 16 13 14 15 14 13 15 13 13 13
-999 -999 -999 -999 -999 -999 -999 -999 -999 -999 -999 -999 -999 -999 -999 -999 -999 -999 -999 -999 -999 -999 -999 -999 -999 -999 -999 -999 -999 -999 -999 -999 -999 -999 -999 -999 -999 33 33 34 34 34 34 35 35 35 36 36 36 36 36 35 35 35 34 33 32 32 32 30 27 25 21 21 19 19 18 18 19 20 20 20 18 16 18 20 21 18 14 14 14 15 15 14 14 15 15 14 14 15 14 14 14 13 13 13
-999 -999 -999 -999 -999 -999 -999 -999 -999 -999 -999 -999 -999 -999 -999 -999 -999 -999 -999 -999 -999 -999 -999 -999 -999 -999 -999 -999 -999 -999 -999 -999 -999 -999 -999 -999 33 33 33 34 34 34 34 35 35 35 35 36 36 36 35 35 35 34 34 32 32 32 30 28 27 24 22 22 18 19 19 19 20 19 19 17 15 17 19 19 21 19 18 15 14 14 13 14 14 15 14 15 15 15 14 13 14 15 15 14
-999 -999 -999 -999 -999 -999 -999 -999 -999 -999 -999 -999 -999 -999 -999 -999 -999 -999 -999 -999 -999 -999 -999 -999 -999 -999 -999 -999 -999 -999 -999 -999 -999 -999 -999 -999 33 33 33 33 33 34 34 34 34 35 35 35 35 35 35 34 34 34 33 32 32 32 32 29 26 25 24 21 16 17 16 19 17 18 16 17 18 18 19 20 20 20 20 17 14 14 14 14 15 15 16 15 15 15 14 15 15 15 15 17
-999 -999 -999 -999 -999 -999 -999 -999 -999 -999 -999 -999 -999 -999 -999 -999 -999 -999 -999 -999 -999 -999 -999 -999 -999 -999 -999 -999 -999 -999 -999 -999 -999 -999 -999 33 33 33 33 33 33 33 34 34 34 34 35 35 35 35 34 34 33 33 33 32 32 32 32 29 25 26 26 22 19 19 17 18 19 19 19 19 19 20 19 18 18 17 19 15 15 15 16 15 16 15 15 16 17 16 16 15 15 15 15 16
-999 -999 -999 -999 -999 -999 -999 -999 -999 -999 -999 -999 -999 -999 -999 -999 -999 -999 -999 -999 -999 -999 -999 -999 -999 -999 -999 -999 -999 -999 -999 -999 -999 -999 -999 33 33 33 33 33 33 33 34 34 34 34 35 35 35 35 34 33 33 33 32 32 30 32 29 31 28 27 26 24 21 19 15 16 16 17 18 18 18 19 16 15 17 18 19 17 15 15 16 15 15 16 16 16 17 16 16 15 17 15 17 16
-999 -999 -999 -999 -999 -999 -999 -999 -999 -999 -999 -999 -999 -999 -999 -999 -999 -999 -999 -999 -999 -999 -999 -999 -999 -999 -999 -999 -999 -999 -999 -999 -999 -999 -999 33 33 33 33 33 33 33 34 34 34 34 35 35 35 35 34 34 33 33 32 31 30 31 27 28 29 28 26 24 22 20 18 16 17 17 15 17 18 17 14 15 14 18 18 18 15 15 15 15 16 15 17 18 17 15 15 15 16 15 15 15
-999 -999 -999 -999 -999 -999 -999 -999 -999 -999 -999 -999 -999 -999 -999 -999 -999 -999 -999 -999 -999 -999 -999 -999 -999 -999 -999 -999 -999 -999 -999 -999 -999 -999 -999 33 33 33 33 33 33 34 34 34 34 35 35 35 35 35 35 34 34 34 33 31 31 29 26 30 29 28 25 24 19 18 16 16 15 17 18 18 17 15 15 13 15 13 17 18 15 14 16 16 14 15 15 15 15 15 14 15 16 15 15 15
-999 -999 -999 -999 -999 -999 -999 -999 -999 -999 -999 -999 -999 -999 -999 -999 -999 -999 -999 -999 -999 -999 -999 -999 -999 -999 -999 -999 -999 -999 -999 -999 -999 -999 -999 33 34 34 34 34 34 34 34 35 35 35 35 36 36 36 35 35 35 33 33 33 32 28 26 28 28 28 26 24 19 17 18 18 16 16 16 15 15 17 17 14 13 15 18 17 13 13 14 16 15 14 16 14 13 14 14 14 14 14 15 15
-999 -999 -999 -999 -999 -999 -999 -999 -999 -999 -999 -999 -999 -999 -999 -999 -999 -999 -999 -999 -999 -999 -999 -999 -999 -999 -999 -999 -999 -999 -999 -999 -999 -999 -999 34 34 34 34 34 34 34 34 35 35 35 35 36 36 36 35 35 35 35 34 33 32 28 27 28 28 27 27 26 22 19 20 20 18 20 15 14 15 15 16 16 14 17 17 16 14 13 14 16 16 15 13 13 14 14 14 13 14 14 15 15
-999 -999 -999 -999 -999 -999 -999 -999 -999 -999 -999 -999 -999 -999 -999 -999 -999 -999 -999 -999 -999 -999 -999 -999 -999 -999 -999 -999 -999 -999 -999 -999 -999 -999 -999 34 34 34 34 34 34 34 35 35 35 35 36 36 36 36 36 36 34 35 34 34 31 29 29 28 26 25 25 23 23 18 17 16 18 16 19 18 16 14 13 15 15 13 16 16 16 12 13 13 16 13 13 13 14 14 13 13 13 13 15 15
-999 -999 -999 -999 -999 -999 -999 -999 -999 -999 -999 -999 -999 -999 -999 -999 -999 -999 -999 -999 -999 -999 -999 -999 -999 -999 -999 -999 -999 -999 -999 -999 -999 -999 -999 33 34 34 34 34 35 35 35 35 35 36 36 36 36 36 36 35 35 35 35 34 34 34 32 29 28 25 23 26 24 18 19 17 20 19 19 17 17 15 15 13 16 12 14 15 12 11 13 12 12 12 12 13 13 13 13 13 13 13 15 16
-999 -999 -999 -999 -999 -999 -999 -999 -999 -999 -999 -999 -999 -999 -999 -999 -999 -999 -999 -999 -999 -999 -999 -999 -999 -999 -999 -999 -999 -999 -999 -999 -999 -999 -999 34 34 34 34 35 35 35 35 36 36 36 36 37 36 37 36 35 36 36 34 35 35 34 34 31 29 28 24 27 23 20 20 20 18 19 15 17 15 17 15 13 14 14 15 13 13 12 12 12 11 12 12 12 12 12 13 13 14 15 14 15
-999 -999 -999 -999 -999 -999 -999 -999 -999 -999 -999 -999 -999 -999 -999 -999 -999 -999 -999 -999 -999 -999 -999 -999 -999 -999 -999 -999 -999 -999 -999 -999 -999 -999 -999 34 34 34 34 35 35 35 35 36 36 36 37 37 37 36 36 36 36 36 34 34 35 34 31 33 32 29 27 26 26 21 19 18 19 15 17 14 16 16 14 14 14 15 10 10 13 11 11 11 11 11 11 11 11 12 13 14 14 13 14 15
-999 -999 -999 -999 -999 -999 -999 -999 -999 -999 -999 -999 -999 -999 -999 -999 -999 -999 -999 -999 -999 -999 -999 -999 -999 -999 -999 -999 -999 -999 -999 -999 -999 -999 33 34 34 34 34 35 35 35 36 36 36 37 37 37 36 37 36 36 35 36 35 35 34 33 30 33 30 31 28 28 26 22 18 18 18 16 15 16 14 15 11 13 14 13 10 10 12 10 10 10 11 10 10 11 12 12 13 14 14 13 14 14
-999 -999 -999 -999 -999 -999 -999 -999 -999 -999 -999 -999 -999 -999 -999 -999 -999 -999 -999 -999 -999 -999 -999 -999 -999 -999 -999 -999 -999 -999 -999 -999 32 33 33 33 34 34 35 35 35 35 36 36 37 37 38 38 37 38 38 37 36 35 35 35 34 33 31 31 31 29 27 29 25 23 21 17 16 15 15 14 16 14 11 11 12 12 10 9 8 9 9 10 10 10 11 10 11 11 12 13 14 14 15 14
-999 -999 -999 -999 -999 -999 -999 -999 -999 -999 -999 -999 -999 -999 -999 -999 -999 -999 -999 -999 -999 -999 -999 -999 -999 -999 -999 -999 -999 -999 -999 -999 32 32 33 34 34 34 34 35 35 35 36 36 37 37 38 39 38 38 35 36 37 37 33 35 33 33 32 32 33 31 28 28 24 22 22 16 18 16 15 15 14 12 13 12 9 12 8 7 8 8 9 9 9 10 10 9 10 11 11 13 12 12 13 15
-999 -999 -999 -999 -999 -999 -999 -999 -999 -999 -999 -999 -999 -999 -999 -999 -999 -999 -999 -999 -999 -999 -999 -999 -999 -999 -999 -999 -999 -999 -999 -999 32 32 33 34 34 34 34 35 35 35 36 37 37 38 39 40 39 38 35 34 36 36 34 33 34 33 32 31 33 32 30 28 26 24 22 17 19 15 14 13 13 12 11 9 9 11 8 7 8 8 9 9 9 9 9 9 10 10 12 13 13 12 15 16
-999 -999 -999 -999 -999 -999 -999 -999 -999 -999 -999 -999 -999 -999 -999 -999 -999 -999 -999 -999 -999 -999 -999 -999 -999 -999 -999 -999 -999 -999 -999 -999 32 32 33 34 34 34 34 34 35 35 36 36 37 38 39 40 39 37 36 34 34 36 36 34 32 31 29 32 31 32 28 26 25 23 20 20 19 15 14 14 13 12 11 9 8 7 9 8 8 8 9 10 10 9 10 10 9 10 11 12 12 12 14 16
-999 -999 -999 -999 -999 -999 -999 -999 -999 -999 -999 -999 -999 -999 -999 -999 -999 -999 -999 -999 -999 -999 -999 -999 -999 -999 -999 -999 -999 -999 -999 -999 32 33 33 33 34 34 34 34 35 35 36 36 38 39 40 41 39 38 38 37 35 35 34 33 29 29 28 29 29 32 29 27 24 21 22 22 18 15 17 15 15 13 11 11 8 8 7 7 7 7 8 8 9 10 9 10 10 11 10 10 11 13 14 16
-999 -999 -999 -999 -999 -999 -999 -999 -999 -999 -999 -999 -999 -999 -999 -999 -999 -999 -999 -999 -999 -999 -999 -999 -999 -999 -999 -999 -999 -999 -999 -999 32 32 33 34 34 34 34 34 34 35 36 37 38 39 40 42 40 41 41 38 37 35 35 33 30 29 29 27 28 31 30 27 23 23 23 20 19 15 17 18 18 16 13 9 8 8 7 5 5 7 9 10 9 9 10 11 10 9 11 11 12 13 14 16
-999 -999 -999 -999 -999 -999 -999 -999 -999 -999 -999 -999 -999 -999 -999 -999 -999 -999 -999 -999 -999 -999 -999 -999 -999 -999 -999 -999 -999 -999 -999 32 32 32 33 34 34 34 34 34 34 34 36 37 38 39 40 42 43 42 40 38 38 36 35 34 31 30 30 30 28 30 31 26 24 25 22 19 17 15 18 16 17 15 15 10 8 8 7 6 5 7 9 10 9 10 12 12 10 10 11 13 13 13 14 15
-999 -999 -999 -999 -999 -999 -999 -999 -999 -999 -999 -999 -999 -999 -999 -999 -999 -999 -999 -999 -999 -999 -999 -999 -999 -999 -999 -999 -999 -999 -999 32 32 32 33 33 34 34 34 34 34 35 36 37 38 39 40 42 42 41 41 40 37 36 36 34 33 33 32 29 27 30 30 29 27 25 20 20 16 16 16 16 16 18 16 10 9 9 7 7 5 6 9 9 9 10 10 11 11 11 11 12 13 14 14 16
-999 -999 -999 -999 -999 -999 -999 -999 -999 -999 -999 -999 -999 -999 -999 -999 -999 -999 -999 -999 -999 -999 -999 -999 -999 -999 -999 -999 -999 -999 -999 32 32 32 33 33 33 34 34 34 34 35 35 36 36 38 38 39 41 40 40 37 38 35 33 33 33 34 32 29 27 28 28 28 26 25 24 20 20 16 18 18 17 16 14 12 12 9 9 8 8 8 9 9 10 11 10 10 13 12 12 12 13 13 16 15
-999 -999 -999 -999 -999 -999 -999 -999 -999 -999 -999 -999 -999 -999 -999 -999 -999 -999 -999 -999 -999 -999 -999 -999 -999 -999 -999 -999 -999 -999 32 32 32 32 33 33 33 33 34 34 34 35 35 35 36 37 36 39 40 40 39 39 36 35 34 34 33 33 32 28 30 29 27 27 25 25 23 21 20 19 20 21 18 19 16 12 14 11 9 9 9 9 10 10 11 12 11 12 12 13 12 12 13 14 14 16
-999 -999 -999 -999 -999 -999 -999 -999 -999 -999 -999 -999 -999 -999 -999 -999 -999 -999 -999 -999 -999 -999 -999 -999 -999 -999 -999 -999 -999 -999 32 32 32 32 32 33 33 33 33 34 34 34 35 35 36 35 35 37 38 38 39 38 36 34 33 35 34 32 28 28 31 32 28 25 25 21 21 21 21 20 18 19 20 18 14 13 14 13 12 10 12 10 11 11 11 12 12 12 12 12 12 13 13 13 14 16
-999 -999 -999 -999 -999 -999 -999 -999 -999 -999 -999 -999 -999 -999 -999 -999 -999 -999 -999 -999 -999 -999 -999 -999 -999 -999 -999 -999 -999 -999 32 32 32 32 32 33 33 33 33 33 34 33 35 35 34 36 34 37 36 37 37 38 36 34 35 34 33 30 28 31 33 30 28 27 25 25 23 22 22 23 19 20 22 17 15 14 16 12 15 12 10 12 11 11 11 12 12 12 13 14 12 13 13 14 15 16
-999 -999 -999 -999 -999 -999 -999 -999 -999 -999 -999 -999 -999 -999 -999 -999 -999 -999 -999 -999 -999 -999 -999 -999 -999 -999 -999 -999 -999 -999 32 32 32 32 32 32 32 33 33 33 33 33 34 32 31 33 34 34 35 34 36 36 35 34 35 33 32 31 32 33 31 31 30 28 25 26 27 22 25 25 22 23 22 18 17 15 15 15 15 12 13 15 13 13 14 13 13 13 12 13 13 13 13 14 16 18
-999 -999 -999 -999 -999 -999 -999 -999 -999 -999 -999 -999 -999 -999 -999 -999 -999 -999 -999 -999 -999 -999 -999 -999 -999 -999 -999 -999 -999 -999 32 32 32 32 32 32 32 32 32 33 33 34 33 33 31 31 31 32 32 33 35 36 34 32 35 32 30 32 33 32 30 30 29 27 29 29 26 25 24 26 26 24 22 18 19 17 17 18 14 16 16 14 13 14 14 13 13 14 13 16 15 16 15 16 16 16
-999 -999 -999 -999 -999 -999 -999 -999 -999 -999 -999 -999 -999 -999 -999 -999 -999 -999 -999 -999 -999 -999 -999 -999 -999 -999 -999 -999 -999 -999 32 32 32 32 32 32 32 32 32 33 32 33 33 31 30 29 32 32 33 35 35 35 35 31 34 32 32 33 32 32 29 29 26 28 28 31 27 25 26 26 27 25 22 21 21 18 18 18 16 18 15 15 15 14 14 14 13 13 13 13 13 14 17 15 16 17
-999 -999 -999 -999 -999 -999 -999 -999 -999 -999 -999 -999 -999 -999 -999 -999 -999 -999 -999 -999 -999 -999 -999 -999 -999 -999 -999 -999 -999 -999 32 32 32 32 32 32 32 32 31 32 32 32 31 30 32 30 33 31 32 33 34 34 32 32 34 33 34 33 32 30 29 28 27 29 31 31 28 29 29 29 28 26 22 20 21 20 20 19 18 18 17 16 16 15 14 15 14 14 14 14 14 14 15 15 16 17
-999 -999 -999 -999 -999 -999 -999 -999 -999 -999 -999 -999 -999 -999 -999 -999 -999 -999 -999 -999 -999 -999 -999 -999 -999 -999 -999 -999 -999 -999 32 32 32 32 32 32 32 32 31 31 31 32 32 32 33 32 33 32 33 33 34 33 33 33 33 33 32 31 29 27 29 26 26 30 28 31 32 30 28 26 28 23 23 23 21 23 22 19 20 19 18 19 16 16 16 15 15 15 14 14 14 14 16 18 16 16
-999 -999 -999 -999 -999 -999 -999 -999 -999 -999 -999 -999 -999 -999 -999 -999 -999 -999 -999 -999 -999 -999 -999 -999 -999 -999 -999 -999 -999 -999 32 32 32 32 32 32 32 32 32 32 31 32 33 32 31 33 32 31 30 31 33 33 32 32 31 30 28 27 27 25 23 26 28 32 33 32 33 28 29 27 26 24 25 22 24 23 24 20 21 19 18 17 19 17 17 16 16 15 15 15 15 15 16 18 16 16
-999 -999 -999 -999 -999 -999 -999 -999 -999 -999 -999 -999 -999 -999 -999 -999 -999 -999 -999 -999 -999 -999 -999 -999 -999 -999 -999 -999 -999 -999 32 32 32 32 32 32 32 32 31 31 30 31 32 32 32 31 32 31 32 31 33 32 32 32 32 31 30 27 25 27 25 28 30 30 31 34 31 30 29 29 27 25 26 25 23 24 23 20 21 20 20 18 17 17 17 17 16 15 15 15 15 15 16 16 16 16
-999 -999 -999 -999 -999 -999 -999 -999 -999 -999 -999 -999 -999 -999 -999 -999 -999 -999 -999 -999 -999 -999 -999 -999 -999 -999 -999 -999 -999 31 32 32 32 32 32 32 32 31 31 31 30 29 30 30 32 31 31 30 31 31 29 31 32 30 28 28 29 27 26 28 28 28 32 30 33 34 30 33 31 29 28 27 26 27 23 24 24 22 23 19 18 19 17 17 17 17 16 16 15 15 15 15 16 17 16 16
-999 -999 -999 -999 -999 -999 -999 -999 -999 -999 -999 -999 -999 -999 -999 -999 -999 -999 -999 -999 -999 -999 -999 -999 -999 -999 -999 31 31 31 32 32 32 32 32 32 32 32 31 31 31 29 29 29 31 32 30 29 31 31 30 32 31 31 29 27 28 26 29 30 28 30 30 30 31 34 32 33 28 31 28 28 26 28 26 26 26 25 23 19 19 19 18 17 17 17 17 16 16 14 15 17 15 15 15 16
-999 -999 -999 -999 -999 -999 -999 -999 -999 -999 -999 -999 -999 -999 -999 -999 -999 -999 -999 -999 -999 -999 -999 -999 -999 -999 31 31 31 31 31 32 32 32 32 32 32 31 31 30 31 29 30 30 31 31 29 28 27 28 30 30 31 31 29 30 26 26 30 30 29 31 32 32 33 33 33 33 32 30 28 30 27 27 26 25 28 24 21 20 19 18 17 17 17 17 17 16 16 16 15 16 16 15 16 16
-999 -999 -999 -999 -999 -999 -999 -999 -999 -999 -999 -999 -999 -999 -999 -999 -999 -999 -999 -999 -999 -999 -999 -999 -999 -999 31 31 31 31 32 32 32 32 32 32 32 31 30 30 31 28 29 29 29 31 30 29 27 26 29 29 31 30 31 29 27 30 30 30 31 31 31 34 31 34 32 33 34 33 31 30 31 29 27 28 28 25 21 19 19 18 17 17 17 17 16 15 16 15 15 15 17 16 16 16
-999 -999 -999 -999 -999 -999 -999 -999 -999 -999 -999 -999 -999 -999 -999 -999 -999 -999 -999 -999 -999 -999 -999 -999 -999 -999 31 31 31 31 32 32 32 32 32 32 31 31 31 30 29 28 30 27 30 30 29 30 29 28 29 31 29 30 31 31 30 31 31 32 32 32 33 34 34 34 30 29 32 32 33 30 29 27 28 26 25 24 21 19 18 18 17 17 17 17 16 16 16 15 15 15 17 15 17 16
-999 -999 -999 -999 -999 -999 -999 -999 -999 -999 -999 -999 -999 -999 -999 -999 -999 -999 -999 -999 -999 -999 -999 -999 -999 -999 31 31 31 32 32 32 32 32 32 32 32 31 31 30 28 27 29 27 29 30 29 29 28 28 30 29 28 28 28 31 31 29 28 28 30 30 32 33 32 32 32 30 28 29 29 27 28 25 26 28 24 23 20 19 19 19 18 18 17 17 16 15 16 15 15 15 16 17 17 16
-999 -999 -999 -999 -999 -999 -999 -999 -999 -999 -999 -999 -999 -999 -999 -999 -999 -999 -999 -999 -999 -999 -999 -999 -999 -999 31 32 32 32 32 32 32 32 32 32 31 31 31 30 28 27 29 27 29 30 30 28 28 29 29 29 27 27 29 30 30 27 27 27 29 29 30 31 32 29 32 30 28 26 27 26 25 25 24 25 25 24 21 19 19 19 17 18 17 17 15 15 14 15 15 15 15 16 16 15
