data/grids_germany_annual_hot_days_2018.asc
NCOLS 654
NROWS 866
XLLCORNER 3280414.711633467
YLLCORNER 5237500.62890625
CELLSIZE 1000
NODATA_VALUE -999
[rows 594 to 647 of 866, columns 288 to 383 of 654]
35 35 36 37 38 37 37 37 39 39 40 40 41 44 45 45 45 45 44 43 42 40 39 37 36 34 32 31 31 31 29 27 28 27 27 27 27 26 26 25 25 25 24 25 25 25 25 26 26 27 27 27 27 27 28 28 29 29 30 30 31 31 32 32 33 33 34 34 35 35 34 34 34 34 34 34 34 34 33 32 31 30 29 28 27 25 24 23 20 19 18 18 19 19 21 20
33 35 34 35 37 38 37 38 38 39 38 39 40 42 43 43 43 44 43 42 40 40 38 37 34 33 32 31 31 31 30 28 28 28 27 27 28 28 26 26 27 26 26 27 27 27 27 27 27 27 27 27 29 29 28 29 28 29 30 31 31 31 32 32 33 33 34 35 36 35 35 35 35 36 36 36 35 35 33 32 32 31 28 26 25 25 23 22 20 18 17 17 17 19 19 20
33 33 34 35 37 37 37 38 38 38 38 39 40 41 42 43 44 43 41 40 40 39 37 36 34 34 33 32 31 31 30 28 28 29 28 28 28 27 27 26 27 27 26 26 26 26 26 26 26 27 27 29 28 28 28 29 29 29 30 31 31 31 32 33 33 33 34 36 35 35 35 36 36 37 36 36 36 36 34 33 32 31 29 26 25 25 23 22 21 20 19 16 16 17 18 19
33 33 34 34 36 37 37 37 37 38 37 37 39 40 41 41 42 41 40 39 39 38 36 34 34 34 32 32 32 31 31 29 28 29 29 28 28 27 26 27 27 27 27 26 26 26 26 26 27 28 28 28 28 28 29 29 29 30 30 31 31 31 32 33 32 34 34 35 35 35 36 36 36 36 37 36 35 35 35 34 32 31 29 26 25 24 23 22 21 20 17 16 16 17 18 19
33 33 34 35 35 36 37 37 37 37 37 36 38 38 40 39 39 39 39 38 37 37 35 35 33 32 32 32 31 31 31 30 29 29 29 29 29 28 27 27 27 27 27 27 27 27 27 28 28 28 28 28 28 30 30 30 30 30 30 30 31 31 32 32 34 34 35 36 36 36 36 36 37 37 37 38 38 37 36 35 32 31 29 26 25 23 21 22 20 20 19 18 18 18 18 19
32 33 33 35 35 34 36 37 37 37 38 38 38 38 37 38 37 37 37 36 36 35 34 33 33 32 31 31 31 31 31 30 30 30 29 29 29 29 27 27 27 27 27 27 28 28 27 27 29 29 29 30 29 29 30 30 30 30 30 31 30 30 31 33 34 34 35 36 37 37 37 38 37 37 38 39 39 38 36 34 33 30 28 26 25 22 21 20 21 21 20 20 18 19 19 19
32 32 33 35 35 35 36 36 36 36 36 36 36 36 36 37 37 37 36 35 35 35 33 32 32 33 31 31 31 31 31 30 30 30 29 29 29 30 28 27 27 28 27 27 27 28 27 29 28 29 29 29 29 29 30 30 30 30 29 30 30 30 32 33 33 33 35 36 37 37 37 38 38 37 38 40 39 39 36 34 33 32 29 26 25 24 22 21 20 22 22 21 19 19 20 20
32 32 33 33 35 35 35 35 36 36 36 35 36 36 35 35 36 35 35 35 35 34 33 32 32 32 30 31 31 31 30 30 30 30 29 29 30 30 30 28 28 27 28 27 27 27 29 29 29 29 29 29 29 30 30 30 30 30 29 30 30 31 32 32 34 35 35 36 37 37 37 38 38 38 38 39 39 38 36 34 33 31 29 26 25 25 23 22 21 22 21 22 20 19 21 20
32 32 34 34 34 35 34 34 34 35 35 34 35 35 35 35 34 34 34 34 33 33 32 32 32 31 30 31 31 31 29 30 30 29 29 29 29 29 30 29 28 28 28 27 28 28 29 29 28 30 30 30 29 30 30 30 29 29 30 30 30 31 32 32 33 34 35 36 36 37 37 37 38 38 37 39 38 37 35 34 32 29 28 26 26 25 24 22 21 21 22 21 21 20 21 20
32 32 34 34 34 34 35 34 34 34 34 34 33 33 34 33 33 33 33 33 32 31 31 31 31 30 30 30 30 30 29 29 28 28 29 29 29 29 29 30 30 30 29 28 29 28 29 30 30 30 30 31 30 31 30 29 29 29 30 30 31 31 32 33 33 33 34 36 35 36 37 37 37 37 38 37 36 35 34 33 32 31 29 28 27 26 25 23 23 22 22 22 22 22 22 22
33 33 33 34 34 34 34 34 34 34 33 33 33 33 32 32 32 33 31 32 31 31 30 31 30 29 29 30 30 30 30 28 28 29 29 29 29 30 30 30 30 29 29 29 29 29 28 29 30 30 30 30 31 31 30 29 29 29 30 31 31 31 32 33 33 33 34 35 35 36 36 37 37 36 36 36 36 35 34 33 32 31 29 28 27 26 25 24 23 23 24 23 23 23 23 22
32 32 32 33 34 34 34 33 33 33 32 32 32 32 31 31 31 31 30 30 30 30 29 28 30 28 29 29 30 30 30 29 28 29 29 29 29 29 29 29 29 29 29 29 29 29 30 30 30 30 30 30 30 30 30 29 29 29 30 31 31 31 32 32 33 33 34 34 35 35 35 36 36 36 36 36 35 34 34 33 33 32 30 29 27 27 26 25 25 24 24 24 23 24 23 22
32 32 32 33 33 33 32 32 32 32 32 31 31 30 30 29 29 28 28 28 28 29 29 29 28 27 29 29 28 29 29 29 29 29 29 29 29 29 29 30 30 30 30 30 30 29 29 30 30 30 31 30 30 30 30 29 29 30 30 31 31 31 32 32 32 33 33 34 34 34 34 34 35 35 35 35 34 34 34 33 32 32 31 30 29 28 27 26 26 25 25 25 25 24 24 24
32 32 32 31 32 31 31 31 31 31 31 30 29 29 29 28 27 27 27 27 27 27 28 28 27 27 28 28 27 29 29 29 29 29 29 29 29 30 30 29 29 30 30 30 30 29 29 30 31 31 31 30 31 30 29 29 30 29 29 31 31 31 32 32 32 32 33 33 33 33 33 33 33 34 34 34 33 33 33 33 32 32 31 29 29 28 27 27 27 26 26 26 26 25 25 25
32 32 32 31 31 31 31 30 30 30 30 29 29 29 28 27 26 26 26 26 26 27 27 28 27 26 26 26 27 28 29 29 28 29 29 30 30 30 30 30 30 30 30 30 30 30 31 31 31 31 31 31 30 30 30 30 30 30 30 31 31 31 31 32 33 33 33 33 33 33 33 32 32 32 33 33 33 33 33 32 32 31 30 29 29 29 28 27 27 27 26 26 25 25 25 25
32 32 31 31 31 31 30 30 30 30 29 29 29 28 27 26 26 26 25 26 26 26 27 28 27 27 27 27 27 28 28 29 29 28 28 29 29 30 30 30 30 30 30 30 30 30 30 31 31 31 30 30 30 30 31 30 29 30 30 31 31 31 31 32 32 32 32 33 33 32 32 32 32 33 32 33 33 32 32 31 31 30 30 28 28 29 27 27 26 26 26 27 26 25 26 25
32 32 31 31 31 30 30 30 29 29 29 29 28 28 27 26 26 25 25 25 26 26 27 26 27 27 28 28 28 28 28 27 28 28 29 30 30 29 30 30 30 30 30 30 31 31 31 30 32 32 32 31 30 30 31 30 30 30 31 31 31 31 31 31 31 32 32 32 32 33 33 32 32 32 32 32 32 32 32 32 30 30 30 29 29 28 29 27 28 27 28 27 27 27 26 26
32 32 31 31 30 30 30 29 29 29 29 28 28 28 27 26 26 26 25 26 26 25 26 27 27 28 28 27 28 28 28 27 28 29 29 30 30 30 30 30 30 30 30 31 31 30 30 32 31 31 31 31 31 31 31 30 29 29 29 30 31 30 30 31 31 31 31 31 31 31 31 31 30 30 31 31 31 31 30 30 31 31 30 29 29 29 29 29 29 27 27 27 27 27 27 26
31 32 31 30 30 30 30 29 29 29 29 28 28 28 27 25 26 26 26 26 26 26 27 28 28 27 27 27 27 27 26 27 27 28 29 30 30 30 31 31 30 30 30 31 31 31 30 31 31 31 32 31 31 31 31 30 29 29 29 30 30 30 30 30 31 31 31 31 31 31 30 30 30 30 31 31 31 31 31 31 31 31 31 29 29 29 29 29 29 29 27 28 28 27 27 26
31 32 31 30 30 30 30 30 29 29 28 28 28 28 27 26 26 26 25 26 26 25 26 27 27 27 27 26 26 27 27 28 28 28 29 29 30 30 31 31 30 29 29 30 30 30 30 31 31 32 32 32 32 32 30 29 29 29 29 30 31 30 30 30 31 31 30 31 31 30 30 30 30 30 31 31 31 31 31 31 31 31 31 30 29 29 29 29 29 29 29 29 28 28 28 27
31 31 31 31 30 30 30 29 29 29 28 28 28 28 27 27 26 26 26 26 27 26 26 27 27 27 27 27 27 27 27 27 27 28 29 29 29 30 31 30 30 29 29 29 30 30 29 31 31 31 32 31 31 30 30 29 29 30 30 29 29 30 29 30 30 30 30 30 30 30 30 29 29 30 31 31 31 31 31 31 31 31 31 29 29 29 29 29 29 29 29 29 29 29 28 28
32 33 31 31 30 30 31 29 28 28 27 28 28 28 27 27 27 26 26 26 26 26 26 27 27 27 27 28 28 27 27 28 28 28 29 29 29 29 31 30 30 29 29 29 28 28 30 31 31 31 31 31 30 30 30 29 29 29 29 29 30 30 30 30 29 29 30 29 29 29 29 29 29 30 30 31 31 31 31 31 31 31 31 29 29 29 29 29 29 29 29 29 30 29 29 29
32 33 32 30 31 31 30 28 29 29 27 27 28 27 27 27 27 27 26 26 26 26 26 27 27 27 27 27 28 28 27 28 28 28 29 29 29 29 30 30 30 29 29 29 29 29 30 31 31 31 31 30 31 30 30 29 29 30 29 30 30 30 30 29 30 29 29 30 30 30 30 30 30 30 30 31 31 31 31 31 31 31 31 29 29 29 29 29 29 29 30 30 30 30 30 30
31 33 31 29 30 31 30 30 29 28 28 28 27 28 27 27 27 27 27 26 26 25 27 27 27 27 27 28 28 28 28 28 28 28 29 29 29 29 29 30 29 29 29 28 29 29 30 30 31 31 30 30 30 31 29 29 29 30 30 30 30 30 29 29 29 29 29 29 29 29 29 29 29 29 30 31 31 31 31 31 31 31 31 30 30 29 29 29 29 29 30 30 30 31 30 30
33 32 30 30 30 31 30 29 28 29 29 29 28 28 28 28 27 27 27 27 27 26 27 27 27 27 27 28 28 28 28 28 28 28 29 29 29 29 29 27 29 29 29 29 29 29 29 30 30 30 30 30 30 29 30 30 30 30 30 30 30 29 29 29 29 29 29 29 29 29 29 30 30 29 29 30 31 31 31 31 31 31 31 31 30 29 29 29 31 31 31 31 32 31 31 31
31 31 30 29 30 31 30 28 28 28 28 29 28 28 27 27 27 27 27 27 27 27 27 27 27 27 27 28 28 28 28 28 28 28 28 29 29 29 28 27 28 28 30 29 29 29 30 29 29 29 29 29 30 30 30 30 30 30 30 29 29 29 29 29 29 29 29 28 28 28 29 29 29 29 30 30 30 30 31 31 31 31 31 31 30 30 31 31 31 31 32 31 32 32 32 32
31 30 30 30 30 31 29 28 28 28 28 28 28 28 28 27 26 26 27 27 26 27 27 27 27 27 27 28 28 28 28 28 28 28 28 29 29 28 28 28 27 28 28 30 29 29 29 29 30 29 29 29 30 30 29 30 30 30 29 29 29 29 29 29 29 29 28 28 28 28 28 29 29 29 30 30 30 30 30 31 31 31 31 31 31 31 31 31 30 31 31 32 32 32 32 32
31 30 30 29 29 30 31 28 28 28 28 28 28 28 28 28 26 26 26 26 26 27 27 27 27 27 28 28 28 28 28 28 28 28 28 29 29 29 28 28 28 28 28 29 30 28 29 29 29 30 29 30 30 29 29 28 30 29 29 29 29 29 29 29 29 29 28 28 28 28 28 29 29 29 29 30 30 30 30 31 31 31 31 31 31 31 31 30 30 30 31 32 32 33 33 33
30 30 29 29 29 29 29 29 30 29 29 29 28 27 27 27 27 27 27 27 26 27 27 27 27 28 28 28 28 28 28 27 28 28 28 28 27 27 27 28 27 28 28 28 27 29 29 29 29 29 29 29 29 28 28 28 28 27 28 27 27 27 27 27 27 27 27 27 27 28 28 28 28 29 29 30 30 30 30 30 30 31 31 31 31 31 31 30 30 31 32 32 33 33 34 33
30 29 29 29 29 29 30 29 29 30 29 29 29 28 28 28 28 27 27 27 27 27 27 27 27 27 27 27 27 28 28 26 26 27 27 27 27 27 27 27 26 26 28 27 26 27 27 28 28 28 28 28 28 27 27 27 26 27 27 26 26 27 27 27 28 28 28 27 26 27 28 28 28 28 28 29 29 29 30 30 30 30 30 30 30 30 31 31 30 31 32 32 33 32 33 33
30 29 29 28 28 28 30 28 28 28 28 29 28 30 29 28 28 28 27 27 27 26 27 27 27 26 26 27 27 28 26 26 26 25 27 27 27 27 27 26 26 25 26 25 25 26 26 27 27 27 27 27 28 27 27 26 26 26 26 26 26 26 28 28 28 27 28 26 27 27 27 28 29 28 28 28 29 29 29 30 30 30 30 29 30 30 30 30 30 30 31 32 33 33 33 33
30 29 29 28 28 28 28 29 28 28 28 28 28 29 30 28 28 28 28 27 27 27 27 25 25 26 25 25 26 27 25 25 25 25 25 26 26 26 26 25 26 26 26 25 26 26 26 26 27 27 27 27 27 26 26 26 26 26 26 26 26 27 27 28 28 28 27 27 27 27 27 28 28 28 29 28 29 29 29 30 30 30 30 29 29 30 29 30 30 30 31 32 33 33 33 33
30 29 29 29 29 28 29 29 29 29 29 29 29 29 30 29 28 28 28 28 27 27 27 26 25 25 26 26 25 25 25 25 25 25 25 25 25 25 25 25 25 24 24 24 26 26 26 26 26 26 26 26 26 26 25 25 25 25 26 25 26 27 27 27 27 27 27 27 27 27 27 27 27 27 27 27 28 29 29 29 29 30 30 29 29 29 29 29 29 30 30 31 30 31 31 31
30 29 29 29 29 29 29 29 29 29 29 29 29 29 29 30 29 29 28 29 28 28 27 25 25 25 25 25 25 25 25 25 25 25 25 25 25 25 25 24 24 24 24 24 24 24 25 26 26 26 26 26 25 25 25 25 24 24 25 25 26 26 27 27 27 27 27 27 27 27 27 26 26 26 27 27 27 27 28 29 29 29 30 29 29 29 29 28 28 29 30 30 30 31 30 30
29 29 29 29 29 29 29 29 29 29 29 29 29 29 29 31 29 29 29 28 28 29 26 25 25 26 24 25 25 25 25 25 25 24 25 25 26 26 25 24 24 24 24 24 24 25 24 26 25 26 25 25 26 25 25 25 25 25 26 26 25 26 26 27 27 26 26 26 26 26 25 25 25 25 27 27 27 27 28 29 29 29 28 29 29 29 28 28 28 28 29 30 30 29 30 30
29 29 29 29 29 29 29 29 29 29 29 29 29 29 29 30 30 29 29 29 29 28 26 25 25 26 25 25 25 25 25 25 25 26 24 25 25 24 25 25 24 23 23 23 24 25 25 25 26 25 25 25 25 24 24 24 25 25 25 26 26 26 26 25 26 25 25 26 26 25 25 25 25 25 26 27 27 27 28 29 29 29 29 29 29 29 28 28 28 28 29 29 30 30 29 29
28 28 29 28 28 28 28 28 29 28 28 29 29 29 29 30 31 30 29 30 28 26 26 26 25 25 25 25 25 26 25 24 24 24 24 24 24 24 24 25 24 23 23 23 23 23 23 24 24 24 24 25 24 25 24 25 25 24 25 24 25 25 26 25 25 25 25 25 25 25 25 25 25 25 25 25 26 27 27 28 28 28 28 28 28 28 28 28 28 28 28 29 29 29 29 28
28 28 28 28 28 27 28 28 28 28 28 29 29 29 29 31 31 30 29 30 28 28 26 25 26 26 25 25 25 25 24 24 23 23 24 23 24 24 23 24 23 23 23 23 23 24 24 24 22 24 24 23 23 24 24 25 24 24 24 24 24 24 24 24 23 24 24 24 24 25 25 25 25 25 25 26 26 26 27 28 28 27 28 28 28 28 28 28 28 28 28 28 28 28 28 28
29 28 28 28 27 27 28 28 27 27 27 28 28 29 29 30 30 30 30 29 28 27 26 25 26 26 25 25 25 25 24 24 24 23 23 22 23 23 24 24 23 23 23 23 23 24 22 22 23 22 22 23 23 23 23 24 24 24 24 24 24 24 24 23 23 23 24 24 24 24 25 25 25 25 25 25 25 26 26 28 28 27 27 28 28 28 28 28 28 28 28 28 28 28 28 27
28 29 28 28 28 27 28 28 27 27 28 28 28 29 29 29 31 30 30 29 28 28 27 25 26 25 25 25 25 25 24 24 24 23 23 22 22 22 22 24 24 23 22 23 23 22 23 22 22 22 21 22 23 23 23 23 24 24 23 24 24 23 23 23 23 23 23 24 24 24 25 25 25 25 25 25 26 26 26 26 28 27 27 27 28 28 28 28 28 28 27 28 28 27 27 27
27 27 27 27 26 27 27 27 27 28 27 28 27 28 29 29 29 30 29 29 29 27 27 25 25 25 25 24 25 25 23 24 24 23 22 21 22 23 23 23 23 22 22 22 22 21 22 22 22 22 22 22 22 22 22 22 23 23 23 23 23 23 23 23 23 23 23 23 25 24 24 24 24 26 25 25 26 26 26 26 26 27 28 28 27 27 27 27 27 27 27 27 27 27 27 26
26 27 27 27 27 26 26 26 26 27 26 26 27 28 28 28 29 29 29 29 27 28 25 25 24 24 24 24 23 23 23 23 23 23 22 22 21 21 23 22 22 22 21 21 20 20 20 20 21 21 21 21 21 21 22 22 21 22 22 22 22 22 22 22 22 22 23 23 23 24 24 24 24 25 25 25 25 25 25 25 25 26 26 26 26 26 27 26 26 26 27 26 26 26 26 26
26 26 26 27 27 27 26 26 27 26 26 27 27 27 27 28 29 29 28 28 27 27 26 24 25 25 24 23 23 24 22 23 22 22 21 21 21 21 21 21 21 22 21 20 20 20 20 19 19 19 19 20 21 21 21 21 20 21 21 21 21 22 22 22 22 22 22 23 23 23 23 24 24 24 25 25 25 25 25 25 25 25 26 26 26 26 26 26 26 26 26 26 26 26 25 25
26 26 26 26 27 27 26 26 26 27 26 27 27 27 27 27 28 28 28 27 25 26 24 24 25 24 23 23 24 22 22 22 22 21 21 21 21 19 19 20 20 20 21 21 20 19 20 19 19 19 19 19 20 19 19 20 20 20 20 20 22 22 22 22 22 22 22 23 23 23 23 23 25 25 25 25 25 25 25 25 25 25 26 25 26 25 25 25 26 25 25 25 26 24 24 25
25 25 26 26 26 26 26 25 25 26 26 26 26 26 26 26 26 27 26 26 25 24 24 24 23 23 23 22 23 22 21 21 20 20 20 20 20 20 20 19 19 20 19 20 20 19 19 18 18 18 18 18 18 19 19 19 19 19 20 20 21 21 21 21 22 22 22 22 22 23 23 23 24 24 24 24 24 25 25 25 24 25 26 24 24 24 25 24 24 24 25 24 24 24 23 23
24 25 25 25 25 25 26 25 24 24 25 25 25 25 25 25 25 26 26 25 23 23 24 23 22 22 22 21 21 20 20 20 19 19 20 19 19 19 19 19 19 18 19 18 17 19 19 17 18 17 18 18 17 18 18 18 18 19 19 19 20 20 21 21 21 21 22 22 22 22 22 22 22 24 24 24 24 24 24 24 24 24 24 24 23 24 24 24 23 24 24 24 23 24 23 22
24 24 25 25 25 25 25 25 25 25 25 25 25 25 26 24 25 25 25 24 24 24 23 22 22 22 21 20 20 20 20 19 19 20 19 19 18 18 18 18 18 18 18 18 18 18 18 18 17 17 17 17 18 18 19 19 18 18 19 19 19 19 20 21 21 21 22 22 22 22 22 22 22 22 23 23 23 24 23 23 24 24 24 23 23 23 23 23 23 23 23 23 22 23 22 22
24 24 24 24 25 25 24 25 25 25 24 24 25 24 25 25 24 24 25 25 24 23 22 21 21 20 20 17 20 20 19 20 20 20 19 18 18 18 18 18 18 18 17 17 17 17 17 17 18 18 18 18 18 18 18 18 19 19 18 18 20 19 19 21 21 21 21 22 22 22 22 22 22 22 23 23 23 23 24 24 24 24 24 23 23 23 23 23 23 23 23 23 23 22 22 22
24 24 24 24 24 24 24 24 24 24 25 25 25 25 25 25 23 23 24 23 23 21 21 20 20 20 19 20 19 19 20 20 18 18 18 19 19 18 17 17 17 17 17 17 17 17 17 16 17 17 17 17 18 17 18 18 18 19 19 19 19 19 20 20 20 21 21 22 22 22 22 22 23 23 23 23 23 23 24 24 23 23 23 23 23 22 22 22 22 22 22 22 21 22 22 21
23 23 24 23 23 23 24 24 23 23 24 23 24 24 24 24 24 23 23 23 21 21 21 20 19 20 20 19 19 19 20 19 19 19 18 18 18 18 18 17 17 17 17 17 17 17 16 16 16 16 17 16 16 16 18 18 18 18 18 18 18 19 19 20 20 21 21 22 21 22 22 22 22 23 23 23 23 23 23 23 23 23 23 22 22 22 22 22 22 22 22 22 21 22 21 21
23 23 24 24 23 23 23 24 24 24 24 24 23 23 24 24 23 23 21 21 21 21 20 19 19 19 19 19 19 19 19 19 19 19 18 18 18 18 17 17 17 17 17 17 17 17 16 15 15 15 15 16 16 17 17 17 17 17 17 18 18 18 19 20 20 20 21 22 22 22 22 22 22 23 23 23 23 23 23 23 23 23 23 22 22 22 22 22 22 22 22 22 21 22 21 21
23 25 23 24 24 24 24 24 24 24 23 23 23 23 23 23 23 21 21 21 21 20 20 19 19 19 19 19 18 19 18 18 18 17 18 18 18 18 18 17 17 17 17 17 17 16 15 15 15 14 15 15 16 16 16 17 17 18 17 17 17 18 19 19 20 20 21 21 22 22 22 22 22 22 22 22 21 23 23 23 23 23 22 22 22 22 22 22 22 21 21 21 21 21 21 21
23 24 22 23 23 23 23 23 23 24 23 23 23 23 22 22 21 21 20 20 19 20 20 18 18 19 19 19 19 18 18 17 17 17 17 18 18 17 18 17 17 18 17 17 16 15 15 14 14 14 14 14 15 15 16 16 17 17 18 17 18 17 19 19 20 20 21 21 21 22 22 22 22 23 23 23 22 23 22 21 21 22 22 22 22 22 22 22 22 22 21 22 22 21 21 21
23 23 23 23 22 23 23 23 23 22 22 22 22 22 22 22 20 19 20 20 19 19 19 18 17 17 19 18 18 18 17 16 16 16 16 16 17 17 17 17 17 17 17 17 16 15 14 13 13 13 13 14 14 15 16 16 16 18 18 18 18 18 19 19 19 20 20 21 21 21 23 22 22 22 22 21 21 21 21 22 22 22 22 22 22 22 22 22 22 22 22 22 21 21 21 20
