data/grids_germany_annual_hot_days_2003.asc
NCOLS 654
NROWS 866
XLLCORNER 3280414.711633467
YLLCORNER 5237500.62890625
CELLSIZE 1000
NODATA_VALUE -999
[rows 486 to 539 of 866, columns 288 to 383 of 654]
18 17 14 13 15 15 14 16 13 15 17 18 15 15 16 14 15 15 16 17 16 16 16 16 17 16 18 18 17 17 16 15 15 15 15 14 15 15 15 15 14 15 14 13 13 13 11 11 10 9 11 8 7 7 7 7 7 7 9 11 9 10 12 12 13 12 16 16 16 17 18 17 18 18 18 19 19 19 19 21 20 22 22 24 23 23 22 23 22 24 24 23 23 24 23 23
18 17 15 14 13 14 14 14 15 17 17 16 14 14 14 13 15 14 17 16 17 17 16 16 17 18 18 18 17 16 16 16 16 15 14 15 14 14 14 14 15 15 15 14 13 12 12 10 11 12 11 9 7 5 5 5 3 6 8 10 9 9 12 11 9 13 12 16 15 16 16 18 18 17 17 17 17 18 20 21 20 22 22 23 22 22 22 23 24 22 21 21 22 21 22 23
17 18 17 15 13 13 14 15 15 16 17 16 16 15 14 13 13 15 17 16 16 17 17 17 18 16 17 18 18 18 16 16 16 16 15 15 15 15 15 14 14 16 15 14 15 12 13 13 13 12 11 9 9 8 5 3 2 4 5 7 9 10 11 11 10 11 14 13 14 15 15 16 17 17 17 17 17 16 19 19 20 20 21 23 22 22 23 25 23 21 20 21 20 21 20 22
18 18 18 16 14 13 13 14 14 15 16 17 16 15 14 14 13 14 15 16 16 16 17 16 17 16 17 18 18 18 16 17 16 16 15 15 15 16 16 16 15 17 16 14 15 15 14 11 13 13 11 10 9 8 6 5 3 4 7 7 9 11 12 11 10 13 13 13 14 14 14 15 17 17 16 15 15 17 17 18 19 18 20 22 21 23 24 22 22 20 19 19 20 18 20 22
17 16 16 17 15 12 12 14 13 14 15 15 16 13 12 15 14 14 15 16 16 16 15 16 15 17 18 17 18 17 17 16 16 14 15 16 15 16 16 16 16 17 15 16 16 13 12 11 11 13 11 12 10 10 8 8 5 6 5 6 10 10 10 11 12 12 11 12 13 13 14 14 15 16 14 14 15 15 17 17 17 18 18 22 22 24 23 21 20 19 20 19 20 19 20 19
14 12 14 16 15 12 12 13 13 14 14 13 16 15 13 14 14 13 14 16 17 17 16 16 16 17 17 17 18 17 18 17 15 15 15 13 14 15 15 17 17 16 15 17 16 16 14 13 12 11 10 11 11 10 10 9 9 6 7 7 8 9 10 10 11 12 11 13 12 13 15 15 16 15 12 15 15 16 16 16 17 17 18 21 20 20 22 20 19 20 19 19 18 18 19 18
15 15 15 16 15 14 12 14 14 13 13 14 15 16 16 15 14 14 14 16 17 17 16 16 17 17 16 17 18 17 17 16 15 16 14 13 13 15 15 16 16 17 16 15 14 15 14 14 12 12 11 13 11 9 8 9 6 6 7 9 9 9 10 11 10 11 12 12 14 15 14 15 16 13 14 15 16 15 17 17 19 17 18 21 21 18 20 19 21 21 21 20 19 18 18 19
15 16 16 16 16 15 13 15 13 14 14 14 15 16 15 14 15 14 16 16 17 16 15 16 17 17 16 17 17 18 18 15 16 16 15 14 15 16 15 17 16 16 15 16 16 16 15 15 14 14 14 13 12 11 7 8 6 8 8 9 9 9 9 9 10 10 11 12 12 13 13 14 15 13 14 15 15 16 18 20 19 19 20 18 18 20 17 19 21 20 19 18 18 18 18 18
15 16 15 15 15 16 15 14 14 14 15 15 16 16 15 15 16 15 16 16 17 16 16 16 16 16 16 17 17 18 18 16 15 16 16 16 16 16 16 17 15 16 16 16 16 15 16 15 14 14 14 13 12 10 10 8 7 10 9 9 10 10 9 9 11 10 11 13 12 13 13 13 14 13 14 14 15 15 18 17 18 16 17 18 18 19 18 19 19 19 19 18 17 18 17 18
15 16 13 13 15 13 15 14 14 15 15 14 15 16 15 14 15 17 15 15 15 14 14 16 16 16 16 17 18 17 18 18 16 16 16 16 16 16 16 17 17 17 18 18 17 16 16 15 16 15 13 14 12 11 9 10 8 9 10 9 10 9 9 11 11 12 11 12 12 11 12 13 14 14 14 14 14 15 16 17 17 17 15 17 16 19 18 18 19 19 18 17 16 16 16 16
16 16 12 12 14 13 14 14 13 14 15 14 15 16 15 16 15 14 14 14 13 12 13 15 16 17 17 17 16 15 17 18 17 18 16 16 16 16 17 17 18 17 16 16 16 15 15 14 13 14 13 12 12 12 10 10 10 9 9 10 12 10 10 13 11 11 12 11 11 12 13 14 14 14 14 14 15 15 16 15 15 15 14 15 14 16 18 19 17 16 15 16 15 16 17 17
14 16 14 13 13 14 14 14 12 12 13 15 16 13 15 16 16 14 15 14 13 12 13 14 15 17 17 15 15 15 16 18 17 15 16 16 16 16 17 17 18 17 17 16 16 15 14 14 13 13 13 12 11 13 13 12 10 11 10 11 12 12 11 10 13 11 14 13 12 11 12 14 14 14 14 14 14 16 16 15 15 15 14 13 16 17 16 16 16 16 15 15 15 18 19 19
16 15 15 14 11 12 13 12 11 13 14 15 15 15 16 16 16 16 16 16 14 13 14 16 15 17 17 15 14 15 16 18 17 16 16 16 17 17 19 18 18 18 17 17 17 14 15 15 13 13 14 12 13 12 13 13 12 13 12 13 10 10 12 11 11 14 11 13 12 12 13 14 14 14 14 13 14 15 14 13 14 12 13 13 13 16 14 14 15 15 14 15 16 16 16 19
14 14 16 14 12 11 11 10 12 13 13 14 15 15 16 16 16 17 17 17 16 16 17 16 17 17 16 15 15 15 17 15 16 15 15 18 17 17 16 16 17 18 17 17 17 16 13 13 13 12 13 13 13 13 14 13 14 13 13 13 11 13 13 12 11 12 14 14 12 12 13 13 14 14 15 14 15 16 14 12 11 11 11 11 13 14 13 13 13 14 14 14 14 15 16 16
14 14 15 15 13 11 10 10 10 13 14 15 14 15 15 16 16 16 17 16 17 17 18 17 16 15 15 15 15 14 16 18 16 15 16 16 18 16 17 17 17 17 18 18 17 17 15 15 15 15 15 15 12 13 14 15 14 14 15 14 12 14 12 11 11 13 14 12 13 11 12 12 12 13 14 15 13 13 14 12 12 12 12 12 12 12 14 13 12 13 15 14 15 15 15 16
12 12 15 15 12 10 10 10 11 12 12 14 15 14 15 16 16 16 16 15 16 17 17 17 15 15 15 15 17 16 16 18 16 15 15 18 18 17 18 17 17 17 17 17 17 17 16 15 15 16 16 15 13 14 13 15 15 14 14 14 13 14 12 10 12 13 12 12 12 12 13 14 14 14 14 13 12 12 11 13 12 10 11 10 11 11 12 13 13 14 13 17 16 17 17 16
12 14 12 14 12 10 10 11 13 14 14 15 16 14 16 16 16 16 17 15 15 17 17 16 17 15 16 16 17 17 16 19 18 18 18 19 17 17 18 18 18 19 17 17 17 17 16 17 16 17 16 16 14 15 16 16 16 16 15 15 16 13 14 12 14 14 15 13 13 12 12 13 13 13 13 12 10 9 12 9 9 10 9 8 9 10 12 12 14 13 14 15 15 16 17 18
12 11 13 14 12 11 11 10 13 14 14 16 17 15 16 16 16 16 16 17 17 17 17 17 17 16 17 17 18 16 17 18 19 19 19 19 19 18 19 19 19 19 18 18 17 19 19 17 18 17 16 17 17 16 16 17 17 17 16 16 15 15 14 15 15 15 14 12 13 11 11 11 14 14 13 10 9 10 10 8 8 7 7 7 7 7 10 10 11 12 12 13 16 17 16 16
10 9 9 13 12 11 11 11 12 13 15 16 17 17 17 17 17 17 18 17 17 18 18 18 18 19 17 18 18 17 17 18 18 18 17 17 17 17 17 18 18 18 19 19 19 19 18 17 19 17 17 17 17 16 16 18 18 17 17 17 16 16 15 16 14 12 13 11 12 12 12 11 13 14 12 10 9 10 9 7 7 6 4 5 6 8 9 10 11 10 13 13 14 16 16 16
10 8 9 13 12 9 10 11 11 13 14 17 16 18 18 16 17 19 18 17 18 18 18 19 19 19 19 19 17 18 18 19 17 19 18 18 17 17 17 17 17 18 19 18 18 19 19 19 18 18 18 17 18 18 18 18 18 17 16 15 16 17 17 14 14 12 11 12 12 12 12 11 11 12 11 11 10 10 9 7 6 5 4 4 6 8 8 10 10 10 11 11 12 15 15 14
8 8 11 13 11 10 10 11 12 13 16 17 18 18 19 18 17 17 19 19 18 17 17 18 18 18 18 18 17 17 18 19 18 19 20 20 20 18 19 19 18 18 19 18 19 19 20 19 18 19 18 17 19 19 19 18 18 18 18 18 18 16 15 16 15 13 12 14 14 13 11 12 11 13 13 11 10 11 10 9 7 5 7 7 7 9 8 8 10 12 11 12 12 13 13 16
8 9 11 12 9 8 9 11 13 13 16 17 18 18 19 18 17 17 17 20 19 18 19 19 18 19 19 19 18 19 19 19 19 20 19 19 20 20 19 20 19 19 19 19 19 19 18 20 20 20 19 19 18 19 18 18 17 18 17 18 17 17 17 14 16 15 15 14 13 11 12 13 12 12 12 10 10 9 9 7 7 9 7 8 9 9 9 9 10 13 12 13 13 12 13 14
6 8 11 11 9 8 9 11 12 14 16 18 19 19 19 19 18 16 18 19 20 19 18 18 18 19 18 18 19 18 18 19 19 20 19 20 19 21 21 20 19 19 19 19 19 19 18 20 19 19 18 18 17 18 17 17 17 18 19 18 17 17 17 14 15 13 14 12 12 12 11 14 11 11 11 10 10 11 10 8 7 8 7 8 9 9 10 9 12 13 11 13 12 13 13 14
7 7 10 9 8 10 10 11 13 14 16 18 19 19 20 20 19 19 19 19 21 19 20 18 19 18 18 18 18 18 18 18 19 19 20 19 20 21 20 21 20 20 20 20 19 20 19 19 20 19 19 18 18 17 18 18 18 18 18 18 16 16 17 16 16 15 14 13 11 12 11 13 11 12 11 9 9 10 10 8 8 8 11 8 11 8 10 11 12 14 11 12 13 12 13 13
7 8 10 9 10 11 12 13 14 16 17 18 19 20 19 19 20 20 20 20 20 20 19 20 19 19 20 20 20 20 20 20 20 20 21 20 20 19 20 19 21 19 20 19 19 19 20 20 21 20 19 19 19 18 17 18 18 17 18 18 18 17 17 18 18 17 14 15 14 14 13 14 14 13 13 12 11 10 13 9 9 9 10 12 11 10 10 12 13 12 13 12 14 12 14 13
8 8 8 9 9 10 11 13 15 16 17 19 19 19 19 19 19 20 21 21 21 22 22 21 21 21 21 21 20 21 21 21 20 21 20 20 20 20 19 20 20 20 19 19 19 19 19 20 21 21 21 20 20 19 18 18 17 17 18 18 18 18 17 18 17 17 16 16 16 16 16 15 12 11 11 13 11 13 12 10 9 9 9 10 13 12 12 14 12 13 12 12 13 13 14 13
8 8 8 9 10 11 13 14 14 16 17 18 19 19 19 19 19 19 20 21 20 20 21 22 21 21 22 21 21 21 21 21 21 20 22 21 21 20 20 21 20 21 20 19 19 19 19 20 20 19 19 20 20 20 20 18 18 18 18 19 18 18 19 18 18 17 15 16 16 16 15 15 13 12 11 13 13 12 10 10 10 11 9 12 13 13 13 13 12 12 12 12 14 13 15 15
9 10 9 10 10 12 15 16 15 16 17 19 19 19 19 19 19 20 19 21 21 21 21 22 21 21 21 21 20 21 21 21 21 21 22 21 21 22 22 21 21 21 21 19 20 20 21 21 21 20 19 19 20 20 20 20 19 19 19 19 19 18 19 18 17 17 17 16 15 15 15 15 15 15 14 15 14 14 12 10 10 11 11 11 14 14 12 13 14 13 12 13 14 15 15 15
11 12 11 13 11 12 14 16 17 18 19 19 19 19 20 19 19 19 20 20 21 21 21 23 23 23 22 22 22 21 22 21 21 22 22 21 22 22 22 22 22 21 20 20 20 21 21 21 21 21 20 20 20 20 20 20 20 20 20 20 20 19 19 18 17 17 18 17 16 16 16 15 16 15 16 16 15 14 12 11 11 14 14 13 13 14 13 15 14 13 13 14 16 14 14 15
11 13 14 14 14 14 15 16 19 19 19 19 19 20 20 21 20 20 20 21 22 22 23 23 23 22 22 21 23 22 23 22 22 22 23 23 22 22 23 23 23 23 22 22 21 21 22 22 21 20 21 21 20 20 19 20 20 20 20 20 20 19 19 19 18 18 17 17 17 16 16 16 16 16 16 16 17 16 16 14 14 14 14 12 14 14 15 15 14 14 14 14 15 14 15 16
13 15 15 17 16 17 17 19 19 19 19 19 19 19 21 21 21 20 21 21 21 22 22 23 23 22 23 22 23 23 23 23 23 23 22 22 23 23 23 23 23 23 23 22 19 20 22 22 22 21 21 21 21 21 20 19 19 19 20 20 20 19 19 18 18 19 18 17 17 16 16 17 17 18 15 16 17 16 16 16 15 15 14 13 14 15 14 16 16 14 14 16 15 14 16 16
14 14 16 17 17 17 19 19 19 19 19 20 19 20 20 21 22 21 22 22 22 23 24 24 24 23 23 23 23 23 23 23 22 23 24 24 23 23 24 24 23 24 24 23 22 23 22 23 22 21 22 21 21 21 20 21 20 20 20 20 20 19 19 18 18 17 18 18 17 17 16 17 17 18 18 17 17 17 16 16 17 16 16 15 14 15 14 16 14 15 14 17 15 16 16 16
12 15 16 16 18 18 18 18 20 21 20 19 20 21 22 22 22 23 22 23 24 24 24 24 25 24 24 24 24 24 23 23 23 24 24 24 24 24 24 24 25 24 24 22 21 23 24 24 24 23 23 23 23 23 22 21 20 20 20 21 21 21 20 20 19 19 18 18 18 18 17 18 18 19 18 18 17 19 19 18 18 17 17 16 16 17 15 18 15 16 15 17 16 16 17 17
14 15 16 17 17 16 18 19 20 21 20 22 21 22 22 24 24 23 24 24 25 25 24 24 26 26 26 25 24 24 24 24 24 25 25 25 26 25 25 26 26 25 25 23 21 24 25 26 25 24 24 24 24 23 23 23 22 22 22 21 21 20 20 20 20 20 19 18 20 19 19 18 19 19 19 19 20 19 18 19 19 17 16 20 19 18 18 18 16 16 17 18 18 17 18 18
14 12 14 15 15 16 19 20 19 21 22 21 21 22 23 23 23 23 24 25 25 25 24 25 25 25 25 25 26 24 25 25 26 26 26 27 27 27 26 27 27 27 26 25 25 25 25 25 25 25 24 24 24 24 23 23 22 22 22 22 22 22 20 20 20 20 19 19 19 19 20 19 19 20 19 19 19 19 18 18 19 20 20 20 20 19 19 17 19 18 17 18 19 18 18 19
12 10 13 15 15 17 20 20 20 21 21 22 21 21 22 23 24 24 25 25 25 24 26 25 25 25 25 26 26 25 26 26 26 26 27 26 27 27 27 27 26 26 27 26 26 26 25 25 25 25 24 24 24 24 24 23 23 23 23 22 23 23 22 21 20 20 19 18 19 20 19 19 19 19 20 19 20 19 19 19 19 20 20 20 20 20 20 20 20 20 18 18 17 19 19 17
14 14 15 17 17 17 18 19 19 22 22 23 23 22 23 24 25 25 25 24 26 26 26 26 26 27 26 26 26 25 26 25 28 28 27 27 27 28 26 26 26 26 26 26 26 27 26 25 25 25 25 24 24 24 24 24 24 23 23 23 23 23 22 23 21 21 20 20 20 20 19 20 19 19 19 20 21 21 20 18 20 20 21 21 21 21 21 21 21 21 20 19 19 20 20 19
17 17 18 18 18 19 19 20 21 21 22 23 23 24 25 25 25 25 25 25 26 26 27 27 27 27 28 27 27 27 27 27 28 27 27 27 27 27 27 27 27 27 27 27 27 26 26 26 25 25 25 25 25 24 24 24 24 25 24 24 24 23 23 23 23 22 21 21 20 20 21 20 21 20 20 20 21 20 19 19 21 21 21 21 21 21 21 21 22 20 21 20 19 19 21 21
18 19 19 19 20 20 20 19 19 21 22 23 23 23 25 25 25 25 26 26 27 27 27 26 28 28 28 27 27 27 28 28 28 28 28 28 29 29 27 27 27 26 27 27 27 27 25 25 26 25 25 25 25 24 24 24 24 24 24 25 25 25 23 23 23 23 23 21 21 20 20 21 21 20 21 21 21 19 19 19 21 21 21 21 19 21 22 22 22 22 21 21 20 19 21 21
17 18 20 20 19 19 21 20 21 22 22 22 23 25 24 25 25 25 26 27 27 26 26 26 27 28 28 28 28 28 28 28 27 28 28 28 28 29 28 27 27 26 27 27 27 26 26 26 26 26 25 25 25 25 23 23 23 24 24 24 25 24 23 23 23 23 23 22 22 21 21 20 21 20 21 20 21 20 19 21 21 21 21 21 21 22 22 22 22 22 22 22 20 21 22 22
19 19 21 21 21 20 23 21 23 21 23 23 24 24 25 25 26 26 26 26 26 26 26 27 28 27 28 28 28 29 28 28 29 29 29 30 30 28 28 28 27 27 27 27 27 26 26 26 26 26 26 25 25 25 24 23 24 23 24 24 25 25 23 23 23 23 23 23 22 22 22 21 22 21 21 21 22 21 22 22 22 23 22 22 22 22 22 22 22 22 22 22 22 21 22 22
20 20 21 21 22 21 22 25 24 22 24 24 24 24 24 26 27 27 26 27 26 26 26 27 27 27 28 28 29 28 29 29 29 29 30 29 29 29 28 29 29 28 28 27 27 27 26 26 26 26 26 25 25 25 25 24 24 24 24 25 25 25 24 23 23 23 23 23 23 23 22 22 22 22 22 22 22 22 22 20 22 22 22 22 22 22 22 22 22 22 23 22 23 22 23 23
21 21 22 23 23 23 22 23 25 23 24 25 24 24 25 26 27 26 27 26 27 26 27 26 26 27 28 28 28 28 29 29 31 30 31 31 31 30 29 28 28 28 28 27 27 27 27 27 27 26 26 25 26 26 26 25 24 24 24 25 24 24 24 22 23 23 23 23 23 23 23 22 22 22 22 22 22 22 22 21 21 21 22 22 23 23 22 22 22 23 23 23 23 23 23 23
21 22 22 23 23 22 25 25 24 24 26 25 26 26 27 26 27 26 27 26 26 26 26 27 26 27 28 28 28 29 30 30 31 30 30 30 31 30 30 29 28 28 28 28 28 27 27 27 27 26 26 26 26 25 26 25 24 24 24 24 24 24 24 24 22 23 23 23 23 23 23 23 22 23 23 23 22 22 22 21 21 21 20 21 22 22 23 22 23 23 23 23 23 23 23 24
21 23 23 23 23 23 24 24 27 26 27 26 25 26 27 28 27 27 26 27 27 27 26 27 28 28 28 28 27 29 29 29 30 30 31 30 30 31 30 30 29 29 28 28 29 27 27 27 28 27 26 26 26 26 26 26 25 25 25 24 24 24 23 23 23 24 23 22 22 23 23 23 23 23 24 23 23 23 22 23 23 22 23 23 23 23 24 24 24 24 23 23 24 23 23 23
23 23 25 25 26 24 26 28 28 28 26 26 25 26 27 27 27 28 27 27 27 27 28 28 28 28 28 28 29 29 29 30 30 29 30 30 30 30 29 29 29 30 29 28 28 28 28 27 27 27 27 25 26 26 26 26 26 25 25 25 26 25 24 24 24 24 23 23 23 22 23 23 23 23 22 23 23 23 22 22 22 22 23 23 23 23 23 24 24 24 24 24 24 23 25 25
23 24 25 26 26 25 25 27 27 25 25 26 26 27 28 28 29 28 27 27 28 28 28 29 29 29 29 29 29 29 29 30 30 29 29 30 30 30 29 29 29 29 29 28 28 28 28 27 27 27 27 26 26 26 26 27 27 25 25 25 26 25 25 23 24 24 24 23 23 23 23 23 22 21 22 22 22 22 24 23 23 24 23 22 22 23 23 23 24 24 25 25 24 23 24 25
23 24 26 25 26 26 26 28 28 27 26 26 26 27 28 28 29 28 27 28 28 28 28 29 29 29 30 29 29 29 29 30 30 30 29 28 29 30 28 29 29 29 29 28 28 28 28 28 27 27 27 27 27 26 26 26 27 27 25 26 25 26 25 25 24 25 23 24 23 23 24 24 23 23 24 24 24 24 24 23 23 23 24 23 23 23 24 23 25 24 25 25 24 23 24 25
25 25 26 27 28 28 27 29 29 28 28 27 27 28 27 28 29 29 29 29 28 28 29 29 30 29 29 29 29 29 29 30 30 30 28 28 28 28 28 29 29 29 29 29 29 28 28 28 28 28 27 27 27 28 27 27 27 27 27 27 25 25 25 25 25 25 26 24 24 23 24 24 25 24 23 23 24 24 24 24 24 24 24 24 24 24 24 25 25 23 23 25 24 24 23 25
26 26 26 28 27 28 28 31 31 31 29 29 29 29 28 27 30 29 29 29 30 30 29 30 30 29 29 29 28 29 28 28 29 29 27 27 28 28 27 28 28 28 29 29 29 29 28 28 28 27 27 27 27 27 27 26 27 26 26 27 27 26 25 25 26 25 25 25 25 24 25 25 26 25 23 25 26 25 24 24 25 24 24 24 24 24 24 24 24 25 25 24 23 24 25 25
27 26 26 27 27 27 29 30 30 29 29 29 28 28 28 28 30 29 30 29 30 29 29 29 29 29 29 29 28 28 28 28 28 27 27 28 28 28 28 29 28 29 29 29 29 28 28 27 28 28 28 27 27 27 27 26 26 26 26 26 27 27 27 26 26 25 24 25 25 25 25 25 26 25 26 26 25 25 25 25 26 26 24 25 25 25 24 24 26 26 25 24 24 24 25 25
27 27 27 27 27 28 29 31 30 30 30 30 30 29 28 29 29 30 29 30 29 29 29 29 30 29 29 29 29 28 29 28 29 27 28 27 29 29 29 29 29 29 29 29 29 29 28 27 27 27 27 27 27 27 27 26 26 26 26 26 27 27 27 26 25 24 25 25 25 24 25 25 26 25 25 25 24 25 26 25 26 26 25 25 26 25 25 25 26 26 25 25 25 25 27 27
27 27 28 28 28 28 29 30 31 30 29 30 29 28 28 29 29 29 29 30 29 29 29 29 29 29 29 28 28 29 29 29 28 28 30 28 29 29 30 29 29 29 29 29 29 29 28 28 28 27 28 26 27 27 27 27 26 26 26 26 26 26 27 27 26 26 25 25 25 25 25 25 26 25 25 25 25 25 25 26 26 25 25 25 25 26 26 26 26 26 26 25 26 26 26 27
28 28 28 29 28 29 30 31 32 31 31 30 29 30 30 30 30 31 29 29 30 29 29 29 29 29 29 29 29 29 29 29 29 28 29 29 27 28 29 29 29 29 29 29 29 28 29 29 29 27 28 25 25 26 26 27 26 26 26 26 26 26 27 27 26 25 26 25 25 25 26 26 25 26 26 25 24 25 25 26 26 25 25 26 25 25 26 26 26 26 25 25 26 26 26 25
