data/grids_germany_annual_hot_days_2018.asc
NCOLS 654
NROWS 866
XLLCORNER 3280414.711633467
YLLCORNER 5237500.62890625
CELLSIZE 1000
NODATA_VALUE -999
[rows 540 to 593 of 866, columns 192 to 287 of 654]
32 32 34 34 34 34 35 36 36 36 36 36 36 36 35 34 34 33 33 34 34 34 34 34 34 34 33 31 31 32 31 31 31 31 31 31 31 31 30 30 30 29 30 30 29 28 28 29 29 28 28 28 26 26 27 28 25 25 26 25 24 26 26 26 25 24 23 24 25 26 26 28 27 27 25 23 24 24 25 26 25 24 24 25 24 24 22 22 22 23 23 23 24 24 24 24
33 34 34 34 34 35 36 36 36 36 36 36 36 36 35 35 33 33 33 33 34 34 34 34 34 34 33 33 32 31 32 31 30 30 31 31 31 31 31 30 30 30 30 29 28 26 28 29 28 29 28 27 26 25 25 26 27 24 23 24 26 26 24 24 25 23 24 25 23 26 27 28 27 25 25 23 23 25 24 26 26 26 26 25 25 24 24 22 23 23 23 24 24 25 25 24
34 35 35 35 36 36 36 36 37 37 37 37 36 36 36 34 34 34 35 34 34 34 34 34 34 34 34 33 33 32 32 31 31 31 31 31 31 31 31 31 31 30 30 29 28 26 29 29 29 26 27 28 26 24 25 24 24 23 24 24 24 26 24 24 25 25 24 24 25 26 25 26 27 25 25 24 23 26 26 24 24 24 24 24 24 24 23 23 24 23 23 23 25 25 25 24
35 36 36 36 37 37 37 37 38 36 36 37 37 36 35 35 35 34 35 35 35 35 35 35 35 35 34 34 34 33 32 32 32 32 32 32 32 32 30 30 30 30 29 28 28 26 29 29 28 26 26 24 25 24 23 24 23 23 23 24 25 25 24 24 24 24 24 25 26 26 26 26 26 27 24 23 23 24 27 25 25 24 25 25 24 24 24 25 25 24 25 26 26 26 25 25
36 36 37 38 38 38 38 37 37 37 36 36 36 37 35 35 36 36 35 35 35 35 35 35 35 35 35 34 34 34 33 32 32 32 32 32 32 31 31 30 30 30 30 28 27 28 27 28 29 28 27 27 26 24 23 23 24 25 23 24 24 25 24 24 23 24 26 26 26 27 26 24 24 27 26 25 24 24 25 27 25 24 25 25 25 24 25 26 25 25 26 26 26 26 24 24
36 38 39 39 39 39 38 38 37 37 37 37 37 37 37 37 36 36 36 36 35 35 36 35 35 35 35 35 34 34 34 33 32 33 33 32 32 31 31 30 30 29 29 26 25 28 27 27 28 28 27 27 27 27 26 24 23 24 24 24 24 24 24 25 23 24 24 25 26 27 26 26 25 26 26 26 23 24 24 25 25 25 25 25 24 25 26 26 26 26 26 27 26 25 25 25
38 39 40 40 40 40 39 39 39 38 38 38 38 38 38 37 37 37 37 36 36 36 36 36 36 36 36 35 35 35 34 33 33 32 33 33 33 33 31 30 30 29 28 24 26 26 26 27 26 26 25 27 26 23 26 24 22 22 23 23 22 22 23 22 22 23 25 24 26 26 26 25 25 27 28 23 24 25 28 25 25 25 26 25 25 26 27 26 25 26 28 24 26 25 26 27
39 40 41 41 41 41 40 39 39 39 39 39 39 38 38 38 38 37 37 37 37 37 36 37 37 36 36 36 36 35 35 34 34 33 33 34 33 32 32 31 30 29 28 26 27 25 25 24 24 25 24 23 24 25 23 23 22 22 22 23 22 22 23 22 23 23 25 24 24 25 24 25 25 27 28 25 25 25 27 26 26 27 26 26 26 26 27 27 27 28 27 27 27 26 26 27
39 40 41 42 42 41 40 39 39 39 39 39 39 39 38 38 38 38 37 37 37 37 37 37 37 37 36 36 36 36 34 33 34 33 33 33 33 33 32 30 30 29 28 27 27 27 26 24 26 24 25 22 22 22 23 22 24 24 22 22 23 24 23 23 23 23 24 25 23 23 24 25 27 27 28 26 25 25 26 27 27 27 26 26 27 28 28 28 28 28 27 28 26 28 28 27
39 40 41 42 41 41 40 40 39 39 39 39 39 39 39 38 38 38 37 37 37 37 37 37 37 37 37 37 36 36 36 35 33 33 34 33 33 33 31 31 29 30 28 26 28 27 26 26 26 27 25 24 22 23 22 23 22 23 24 23 23 25 23 23 22 23 23 24 23 25 25 25 27 25 28 26 25 26 26 26 28 27 27 26 27 27 26 28 28 28 28 28 28 28 28 27
39 40 40 41 40 40 40 40 39 39 39 39 39 39 39 39 38 38 38 37 37 37 37 37 37 37 37 37 37 37 37 35 35 34 34 34 33 33 32 30 30 29 28 29 28 27 27 27 27 25 25 23 23 24 23 22 22 23 23 24 25 23 22 22 22 22 24 23 23 23 25 26 27 27 28 27 25 27 28 28 26 25 28 27 27 26 26 26 28 28 28 28 28 28 28 26
38 39 39 40 39 40 40 39 39 39 40 40 40 40 39 38 38 38 37 37 37 37 37 38 38 38 38 38 38 37 37 37 36 35 36 34 33 32 31 31 30 29 28 29 28 28 27 27 26 24 24 23 22 23 24 21 22 22 21 23 25 22 23 21 20 21 21 22 23 24 25 25 27 27 28 28 27 26 26 29 28 27 27 28 28 25 27 28 28 28 27 28 28 27 28 27
38 38 39 39 39 39 39 39 39 39 40 40 40 40 39 38 38 38 37 37 37 37 37 38 38 38 38 38 38 38 37 37 37 37 35 35 33 34 34 31 30 30 30 28 28 28 27 27 25 26 23 22 23 23 22 22 23 22 22 22 24 23 21 22 21 22 23 22 23 24 25 27 27 27 29 29 26 26 27 28 29 27 27 26 27 27 27 27 27 28 27 27 26 27 27 27
38 38 38 39 39 39 39 39 39 39 40 40 40 40 39 38 38 38 37 37 37 37 38 38 38 39 39 39 38 38 38 37 37 36 36 35 33 31 33 31 30 30 30 28 28 28 26 25 25 24 23 22 22 23 23 23 22 23 23 24 25 24 23 22 21 22 23 23 23 24 24 26 25 26 28 29 27 26 29 29 28 27 27 27 27 27 26 27 27 27 27 27 27 27 27 27
38 38 38 38 38 38 39 39 39 39 40 40 40 39 39 38 38 37 37 37 37 37 38 38 39 39 39 40 39 39 38 37 36 36 35 33 31 33 33 32 31 30 30 29 28 28 26 24 23 23 22 22 22 22 22 21 23 21 23 22 25 23 24 22 21 23 23 24 23 25 27 25 26 27 28 29 29 27 28 29 28 27 27 28 28 28 27 28 27 28 28 28 27 27 27 27
39 39 38 38 38 38 39 39 39 39 39 39 39 39 39 38 38 37 37 37 37 37 38 39 39 39 40 40 40 39 38 37 36 36 34 33 33 31 32 33 32 31 29 30 29 28 27 27 24 25 22 23 22 21 21 21 20 22 22 24 23 24 24 23 22 22 22 26 24 24 27 25 28 27 29 28 30 28 29 27 27 27 27 29 29 28 27 29 29 29 28 27 27 27 27 27
39 39 38 38 38 38 39 39 39 39 39 39 39 39 39 38 38 38 37 37 37 37 38 39 39 39 39 40 40 39 38 37 36 36 35 33 32 33 32 33 33 32 31 30 28 27 25 24 25 24 23 21 23 22 21 20 22 22 21 22 23 23 25 24 24 23 22 25 25 26 28 28 29 28 29 30 30 27 26 27 27 27 28 29 29 28 28 28 28 29 28 27 27 27 27 28
39 39 39 38 38 38 39 39 39 39 39 39 39 39 38 38 38 38 37 37 37 37 38 39 39 39 39 40 40 39 38 37 36 36 34 32 33 34 33 31 32 32 30 29 28 27 26 23 24 23 23 22 24 21 20 20 21 21 21 20 22 23 23 25 25 24 24 23 24 26 24 26 25 28 29 26 28 30 29 27 27 27 29 29 29 28 28 28 28 29 28 27 28 28 27 27
39 39 39 39 39 39 39 39 39 39 39 39 39 39 38 38 38 38 38 38 38 38 38 38 39 39 39 39 39 38 38 37 37 36 34 34 32 32 33 32 31 31 30 29 28 28 27 26 26 22 22 23 23 22 21 20 20 20 21 21 23 24 24 25 26 25 23 23 23 23 24 24 25 29 30 27 27 27 30 28 29 28 29 30 29 28 29 29 28 28 29 29 29 29 28 28
40 40 39 40 40 39 39 39 39 39 39 39 39 39 38 38 38 38 38 38 38 38 38 38 38 38 39 38 38 38 38 37 37 37 35 34 32 33 31 31 32 32 30 28 28 28 27 27 25 25 23 22 23 21 21 19 19 19 21 20 21 22 23 24 25 26 24 25 24 23 25 26 29 30 30 27 27 28 28 30 29 29 29 30 30 29 28 30 30 30 29 30 30 28 28 28
40 40 40 40 40 40 40 39 39 38 38 39 39 39 39 38 38 38 38 38 38 38 38 38 38 38 38 38 38 38 38 37 37 37 34 34 34 34 32 33 33 32 31 30 28 29 28 26 26 27 25 22 21 21 21 21 18 18 20 21 21 20 23 24 22 23 27 26 25 26 26 29 31 28 28 28 28 28 30 29 30 30 30 30 29 29 30 30 30 30 30 30 29 29 29 30
40 40 41 40 40 40 40 39 38 38 39 39 39 39 39 38 38 38 38 38 38 38 38 38 38 38 38 38 38 38 37 37 37 37 34 34 33 33 33 32 33 33 31 30 28 29 28 27 28 27 26 25 24 22 20 20 20 20 21 21 21 21 22 21 21 22 25 28 26 27 28 30 29 28 29 29 28 29 30 29 29 29 29 30 30 29 30 30 31 30 30 29 29 29 30 30
41 41 41 41 41 41 41 39 39 39 39 39 39 39 39 39 39 38 38 38 38 38 38 38 38 38 38 38 38 37 37 37 37 37 35 35 34 34 33 32 33 33 32 31 30 30 29 28 27 25 25 24 22 21 19 20 19 21 20 20 19 20 20 20 21 24 24 27 27 28 30 29 28 28 28 29 29 29 30 30 29 29 29 28 31 30 31 30 30 30 30 30 31 30 30 31
42 42 41 42 42 40 40 40 40 39 39 39 40 40 39 39 39 39 38 38 38 38 38 38 38 38 38 37 37 37 37 37 37 37 36 35 34 35 34 33 34 33 31 30 29 29 28 27 25 25 23 23 23 22 19 20 20 20 21 20 19 19 20 21 21 22 24 27 28 28 27 29 27 27 29 29 29 28 29 30 30 30 29 29 30 31 30 30 30 30 30 31 31 32 31 32
42 42 42 42 42 41 40 40 40 40 39 39 39 39 39 39 39 39 38 38 38 38 38 38 38 38 38 37 37 37 37 37 37 37 36 35 35 35 35 34 34 31 30 30 28 29 29 27 24 25 23 22 22 21 20 19 19 21 19 20 20 19 20 23 22 22 25 26 28 29 29 28 28 27 28 28 29 29 28 29 30 30 30 29 30 31 30 31 30 30 30 32 32 32 31 32
42 42 42 42 42 41 41 41 40 40 40 39 39 40 39 39 39 39 38 38 38 38 38 38 38 38 37 37 37 37 37 37 37 36 36 35 35 35 35 34 32 32 30 29 28 28 28 27 28 27 25 23 22 21 20 21 20 20 20 19 20 20 22 22 23 24 25 26 28 29 29 27 28 28 29 28 29 29 28 28 30 30 31 30 30 31 31 31 30 30 31 32 32 31 33 32
42 43 43 43 42 41 41 41 41 40 40 40 39 39 39 39 38 38 38 38 38 38 38 38 38 38 38 37 37 37 36 36 36 36 35 35 35 35 35 33 32 31 30 29 28 29 28 28 26 27 25 24 23 21 22 22 22 21 22 21 23 22 22 23 23 25 25 26 26 28 29 27 27 28 28 28 28 29 29 28 28 28 30 31 30 31 32 31 30 31 31 32 32 33 32 30
43 43 43 43 43 42 42 42 42 41 40 39 39 40 39 38 38 38 38 37 37 37 38 38 38 38 37 37 37 37 36 36 35 35 35 35 35 35 35 33 33 32 30 29 29 29 28 28 26 27 27 25 23 22 22 23 22 22 24 23 24 24 23 23 23 24 24 24 25 27 29 27 27 27 29 29 28 29 29 28 28 30 30 31 30 30 32 30 31 30 31 32 30 31 30 29
43 43 43 43 43 43 43 43 42 42 41 39 39 40 39 38 38 38 37 37 37 37 38 38 38 38 38 37 37 37 36 35 35 35 35 35 35 35 34 33 33 31 30 28 28 28 27 27 26 26 26 24 23 24 23 23 23 23 23 25 26 26 25 25 22 23 24 25 25 27 30 27 27 27 28 29 28 29 28 28 28 29 30 31 30 29 31 32 31 31 31 31 31 30 29 30
43 43 43 43 43 43 42 42 42 42 41 40 40 39 39 38 38 37 37 37 37 37 38 38 38 38 38 38 37 37 36 35 35 35 35 35 35 35 33 33 33 31 30 29 26 28 28 27 25 25 24 24 23 23 23 24 23 24 26 25 25 25 27 26 23 23 24 26 28 29 27 27 27 27 28 29 28 28 28 28 28 30 29 31 31 30 32 30 32 31 31 29 29 30 30 30
43 43 43 43 43 44 43 43 42 42 41 40 40 40 39 38 38 37 37 37 37 37 38 38 38 38 38 38 37 37 36 35 35 35 35 35 35 35 34 33 32 31 29 28 26 26 27 26 26 26 26 23 24 24 23 23 25 25 24 24 23 25 26 26 24 23 26 27 29 27 26 27 27 27 28 28 28 28 29 28 28 28 29 31 31 31 30 31 30 30 30 30 29 29 30 30
44 44 44 44 44 44 44 44 43 43 42 41 40 40 39 38 38 37 37 37 37 37 38 39 39 38 39 38 38 37 36 35 35 35 35 35 35 35 34 34 32 31 31 29 28 25 25 26 26 25 25 24 24 24 24 25 25 24 24 23 23 25 25 27 26 24 24 26 29 28 27 27 27 27 28 28 28 28 28 28 28 28 29 31 31 31 32 31 31 30 30 30 29 30 30 30
44 44 45 45 45 45 45 45 45 43 42 41 40 41 39 38 38 38 37 37 37 37 38 39 38 38 38 37 37 36 35 34 35 35 35 35 35 35 34 33 33 31 30 29 26 26 25 26 28 25 26 24 24 24 24 25 25 24 23 24 25 23 23 26 27 27 25 27 28 30 27 28 27 27 28 28 28 28 28 28 27 28 29 30 30 31 32 31 30 31 31 30 29 30 30 31
44 45 45 46 45 46 45 45 44 44 42 40 40 41 40 39 38 38 38 37 37 37 38 37 38 38 38 36 37 35 35 34 35 34 34 35 35 34 34 32 32 32 31 29 27 26 26 26 28 28 26 25 24 24 24 24 24 24 22 24 25 25 23 24 27 26 28 26 27 29 27 28 28 27 28 28 29 28 29 28 29 30 30 29 30 31 32 32 32 30 30 30 29 30 30 30
45 46 47 47 47 47 46 45 45 44 43 42 41 41 40 39 39 38 38 37 37 37 37 37 37 37 36 36 35 35 35 36 34 33 34 34 34 34 34 32 31 30 30 30 29 30 28 27 27 28 26 25 25 25 25 25 24 22 25 22 23 23 25 24 25 25 27 29 27 28 29 28 28 29 28 29 29 29 29 30 30 30 30 30 32 32 32 32 30 29 29 29 30 31 32 31
47 47 48 50 49 49 47 46 46 45 43 42 42 41 40 39 39 38 38 37 37 37 36 36 35 36 36 35 36 36 35 34 34 34 33 33 33 34 34 33 32 31 30 30 30 29 28 27 28 27 27 27 27 27 26 25 23 25 25 24 24 24 24 25 26 26 26 27 29 28 30 30 29 29 29 29 29 28 30 30 31 31 30 31 32 32 32 33 33 31 31 31 31 31 31 31
47 47 48 51 51 50 47 46 46 45 43 41 42 41 40 39 39 39 38 37 36 37 37 36 35 34 34 36 36 36 34 33 33 34 33 32 32 33 33 33 31 31 30 30 29 29 27 27 29 28 27 27 27 27 26 25 23 25 26 25 24 25 25 25 26 27 27 27 27 30 30 30 30 29 29 29 29 29 30 31 31 31 31 30 31 32 33 33 33 32 30 31 31 31 31 32
47 47 48 50 50 49 47 46 46 44 43 42 41 40 40 39 39 37 36 37 36 35 36 35 36 34 33 33 34 34 32 33 33 33 33 32 32 31 32 33 33 31 31 31 29 29 28 29 29 28 28 27 29 26 27 25 23 25 27 25 25 25 26 26 26 26 28 28 27 30 31 30 30 30 29 29 29 30 30 31 31 31 30 30 30 31 31 32 33 32 31 31 32 32 32 32
45 46 47 48 47 47 46 44 43 42 43 42 41 40 39 38 38 37 36 35 35 34 35 34 34 32 32 32 32 33 33 32 32 32 33 31 31 31 32 33 32 31 31 29 28 28 28 29 30 31 31 30 27 27 26 25 24 25 25 28 26 27 26 27 27 28 28 28 29 29 31 30 30 30 30 30 31 31 30 31 31 30 30 31 31 32 32 32 33 33 32 32 32 33 32 33
44 45 46 46 44 46 45 44 42 42 42 40 40 40 39 38 38 37 36 34 34 34 34 33 32 31 31 31 31 31 31 32 31 30 32 30 30 30 30 32 32 30 30 30 28 28 28 31 28 28 28 30 29 28 27 28 27 26 25 27 28 28 28 28 28 29 28 29 30 30 32 31 31 30 30 30 29 30 30 31 30 30 30 31 31 32 32 32 34 34 32 33 34 34 34 33
44 44 44 44 44 45 44 42 42 42 40 40 40 39 38 37 38 36 35 34 33 33 33 33 33 32 31 30 30 30 31 30 32 32 30 31 29 29 30 32 32 31 29 29 29 30 28 31 29 28 26 28 27 28 28 28 27 26 28 27 28 30 30 28 28 28 28 29 29 30 32 31 30 30 30 30 29 29 29 30 30 30 30 30 31 32 31 33 32 34 34 34 34 34 34 33
43 43 42 43 43 43 41 41 41 41 40 39 40 39 38 37 37 36 34 34 33 32 32 33 32 32 32 30 30 29 30 31 31 28 29 29 31 31 30 32 31 32 31 30 30 30 31 30 30 28 26 27 26 27 28 28 29 29 27 29 28 28 31 29 28 28 29 29 30 32 30 31 30 30 30 29 29 29 31 30 30 31 30 31 31 30 32 32 32 33 35 34 34 34 33 33
42 42 42 41 40 41 41 40 40 40 39 40 38 38 37 36 35 35 34 34 32 32 32 33 32 30 31 29 30 31 29 29 30 29 29 29 30 31 31 32 30 31 31 31 30 32 32 30 30 28 27 29 28 29 29 30 30 29 28 28 28 28 29 31 29 29 29 30 30 31 30 30 31 30 30 29 31 31 30 30 30 31 30 32 31 31 32 32 33 34 35 34 33 35 34 34
40 41 40 39 39 39 40 39 39 39 39 38 38 38 36 35 34 34 34 33 32 31 31 31 30 30 30 30 29 30 31 31 29 28 27 28 29 29 31 31 31 31 30 31 32 32 32 30 30 29 29 30 30 28 30 29 30 29 30 30 30 30 31 29 28 29 29 30 30 32 31 30 30 31 30 31 30 31 31 30 30 31 31 31 31 32 32 32 33 34 35 36 35 35 34 34
40 40 40 38 38 38 39 38 39 39 38 38 38 36 36 36 33 33 32 33 32 32 30 31 30 30 31 29 29 30 28 28 29 28 27 27 28 29 31 32 31 31 29 31 31 31 31 31 29 29 30 29 30 29 30 30 30 29 27 31 30 28 29 31 29 29 29 30 30 30 31 32 31 29 30 31 30 31 30 31 31 31 31 31 32 31 32 33 33 34 34 36 36 36 36 36
40 39 39 38 37 36 36 37 38 38 37 37 38 37 35 34 34 32 33 32 32 32 30 29 31 30 29 30 29 27 27 28 28 27 28 27 28 29 31 31 31 30 31 30 30 31 32 32 31 27 29 28 31 29 30 31 31 30 32 31 31 28 29 31 29 29 30 30 30 31 31 31 30 30 31 30 31 30 31 31 31 30 32 32 32 32 33 33 33 34 35 36 36 36 36 36
39 39 38 38 37 36 36 36 36 37 37 36 35 36 35 34 34 33 33 32 31 29 30 29 29 30 30 29 28 27 27 28 28 27 27 26 29 29 30 31 30 31 31 30 30 32 31 31 30 28 31 29 30 31 32 31 31 32 33 33 31 30 32 32 30 29 30 30 31 31 32 32 30 31 31 31 31 30 31 31 31 32 32 31 32 33 33 33 33 33 34 35 35 35 36 36
39 39 38 38 37 36 36 36 36 36 36 36 35 35 35 33 33 34 33 33 31 30 28 28 28 28 28 28 26 26 27 27 27 26 26 28 27 27 29 31 31 32 31 32 31 32 32 31 29 27 29 32 31 31 33 32 33 33 32 33 31 33 31 31 32 31 31 31 32 31 30 31 31 31 31 31 31 31 30 31 31 31 31 33 33 33 33 33 33 33 34 34 34 35 37 37
39 39 38 38 37 36 35 35 36 36 35 34 34 34 34 32 33 33 33 32 31 29 29 27 28 28 28 26 25 25 26 27 26 26 26 26 24 26 28 29 31 31 31 32 32 33 33 31 28 28 30 33 33 33 31 33 33 30 29 31 33 32 29 29 32 31 31 30 32 31 31 32 32 32 31 30 30 29 29 31 31 31 31 33 32 32 33 33 33 33 34 35 34 35 36 37
39 38 37 36 36 34 34 35 36 34 34 34 32 34 33 32 33 33 32 32 31 29 27 28 28 26 27 26 26 26 25 25 25 25 25 25 25 26 27 29 31 32 33 34 32 33 32 32 28 31 30 33 29 29 29 30 32 30 29 30 29 31 29 29 32 32 30 31 31 30 31 31 31 30 31 31 30 30 30 31 31 31 31 33 32 32 32 33 32 33 34 35 34 34 36 37
37 37 37 35 34 33 33 34 33 33 34 32 32 31 31 31 32 31 32 31 29 27 27 27 28 28 28 27 27 25 23 22 22 21 22 21 22 22 25 27 29 31 30 31 32 32 33 30 30 32 29 33 31 28 28 29 31 29 29 29 30 30 30 29 31 30 30 32 32 31 31 30 30 31 30 29 29 29 31 31 31 31 32 32 33 32 33 33 32 32 34 34 34 35 36 37
36 35 35 35 33 32 33 32 32 31 31 33 31 31 31 32 31 32 31 29 27 26 26 27 27 26 26 27 25 25 24 21 20 19 19 20 20 23 25 28 29 30 29 30 31 33 32 28 31 33 33 33 28 28 29 30 32 29 30 30 30 30 30 30 32 32 30 30 31 30 31 32 31 30 30 29 30 30 29 31 31 31 31 32 31 32 32 32 32 32 34 34 34 35 36 36
35 34 33 33 32 31 33 32 32 31 30 28 29 29 30 30 31 31 31 29 27 26 26 26 26 26 25 26 24 25 23 21 20 18 18 18 19 21 24 26 28 29 31 30 32 32 31 29 33 32 31 29 28 28 29 30 30 30 30 30 30 30 29 29 30 30 30 29 29 29 29 30 30 30 30 30 30 29 30 31 32 31 31 32 32 32 32 32 32 32 32 34 34 35 35 36
34 30 32 33 31 32 32 32 31 29 28 27 28 29 30 31 31 30 29 27 27 26 26 26 27 27 26 26 24 22 21 20 19 16 15 17 18 21 21 24 26 27 30 32 33 31 30 31 32 32 28 30 30 29 30 29 30 30 30 30 30 30 29 29 29 30 31 30 29 29 30 30 30 30 30 30 30 30 30 31 32 31 31 32 31 31 31 32 33 32 32 33 35 35 34 35
