data/grids_germany_annual_hot_days_2006.asc
NCOLS 654
NROWS 866
XLLCORNER 3280414.711633467
YLLCORNER 5237500.62890625
CELLSIZE 1000
NODATA_VALUE -999
[rows 756 to 809 of 866, columns 96 to 191 of 654]
-999 -999 -999 -999 -999 -999 -999 -999 -999 -999 -999 -999 -999 -999 -999 -999 -999 -999 -999 -999 -999 -999 -999 -999 -999 23 23 23 23 23 23 23 23 23 22 23 23 22 22 19 20 18 18 18 18 20 21 17 17 16 19 16 17 19 19 16 18 19 19 17 15 18 14 18 20 20 17 18 15 15 13 12 12 11 14 15 16 15 13 11 11 12 12 11 12 12 11 11 12 12 12 12 12 12 14 13
-999 -999 -999 -999 -999 -999 -999 -999 -999 -999 -999 -999 -999 -999 -999 -999 -999 -999 -999 -999 -999 -999 -999 -999 -999 23 23 23 23 23 23 23 23 23 22 22 23 23 22 22 20 19 19 20 18 20 19 18 17 16 17 14 16 18 17 16 17 19 18 17 17 16 15 17 19 18 15 14 15 13 13 13 13 13 16 13 16 15 12 11 11 11 12 12 12 12 11 11 11 12 12 12 13 13 13 13
-999 -999 -999 -999 -999 -999 -999 -999 -999 -999 -999 -999 -999 -999 -999 -999 -999 -999 -999 -999 -999 -999 -999 -999 -999 23 23 23 23 23 23 23 23 21 22 23 22 22 21 19 21 20 20 20 18 21 18 17 16 15 14 14 16 16 18 16 16 19 17 16 17 16 15 17 18 18 16 13 13 12 12 11 11 12 12 11 13 14 12 11 11 11 11 11 12 12 11 11 11 12 12 13 13 13 15 15
-999 -999 -999 -999 -999 -999 -999 -999 -999 -999 -999 -999 -999 -999 -999 -999 -999 -999 -999 -999 -999 -999 -999 -999 -999 23 23 23 23 23 23 23 23 21 22 22 22 22 20 19 19 20 21 19 19 18 17 16 15 13 14 15 17 15 15 15 15 15 16 15 14 15 13 16 17 18 14 13 12 14 12 12 12 13 14 13 11 16 14 12 11 11 11 11 13 12 12 11 12 12 13 13 13 15 15 13
-999 -999 -999 -999 -999 -999 -999 -999 -999 -999 -999 -999 -999 -999 -999 -999 -999 -999 -999 -999 -999 -999 -999 -999 23 23 23 23 23 23 23 23 23 22 22 22 22 21 20 20 19 19 19 19 20 18 18 16 14 15 15 16 14 14 14 15 16 16 14 15 14 12 14 16 14 16 15 15 16 11 12 11 11 12 12 13 14 14 13 11 11 11 11 12 13 13 12 12 12 12 13 13 13 15 13 13
-999 -999 -999 -999 -999 -999 -999 -999 -999 -999 -999 -999 -999 -999 -999 -999 -999 -999 -999 -999 -999 -999 -999 23 23 23 23 23 23 23 23 23 23 23 23 23 23 22 22 22 22 22 19 19 19 18 17 15 13 13 15 16 15 15 16 16 15 13 14 16 15 13 14 13 13 16 16 15 12 13 11 10 10 10 10 10 12 14 15 12 11 12 12 11 13 12 11 12 12 12 13 13 13 13 14 14
-999 -999 -999 -999 -999 -999 -999 -999 -999 -999 -999 -999 -999 -999 -999 -999 -999 -999 -999 -999 -999 -999 23 23 23 23 23 23 23 23 23 23 24 23 23 23 21 20 20 19 20 20 21 20 18 16 17 15 15 16 16 15 16 15 16 16 14 16 16 14 14 15 12 11 12 12 16 12 14 11 12 11 10 11 11 11 10 15 12 12 11 11 11 12 12 12 12 11 12 12 12 13 13 13 14 15
-999 -999 -999 -999 -999 -999 -999 -999 -999 -999 -999 -999 -999 -999 -999 -999 -999 -999 -999 -999 -999 -999 23 23 23 23 23 23 23 23 23 24 24 23 23 23 22 21 20 19 21 20 20 19 18 17 15 14 15 16 17 16 17 15 15 17 17 16 12 11 12 12 9 9 11 15 16 13 13 10 10 11 10 10 10 11 10 12 11 12 11 11 11 12 12 12 12 12 12 13 12 12 13 14 15 15
-999 -999 -999 -999 -999 -999 -999 -999 -999 -999 -999 -999 -999 -999 -999 -999 -999 -999 -999 -999 -999 23 23 23 23 23 23 23 23 23 24 24 23 23 23 23 22 21 20 20 19 20 20 20 18 17 16 14 14 15 16 15 16 15 16 17 16 15 12 8 12 12 9 10 12 14 14 10 10 11 9 10 10 10 12 11 13 12 11 11 11 11 12 12 12 12 12 12 13 12 12 12 14 14 14 17
-999 -999 -999 -999 -999 -999 -999 -999 -999 -999 -999 -999 -999 -999 -999 -999 -999 -999 -999 -999 -999 23 23 23 23 23 23 23 23 23 24 24 23 23 22 22 22 21 20 20 19 20 19 18 18 16 15 14 16 15 16 16 15 16 17 17 16 13 8 10 12 11 9 9 11 11 14 9 9 9 8 8 11 11 12 11 12 11 11 11 11 11 11 12 12 12 12 12 12 13 13 12 14 14 14 16
-999 -999 -999 -999 -999 -999 -999 -999 -999 -999 -999 -999 -999 -999 -999 -999 -999 -999 -999 -999 23 23 23 23 23 23 23 23 23 24 24 24 24 23 23 22 23 21 21 21 21 19 19 20 18 18 15 16 16 17 17 15 16 18 17 15 14 11 10 9 10 8 8 8 11 12 14 9 10 9 8 9 9 11 10 11 10 10 10 11 11 11 12 12 12 12 12 12 13 13 13 13 12 14 14 14
-999 -999 -999 -999 -999 -999 -999 -999 -999 -999 -999 -999 -999 -999 -999 -999 -999 -999 -999 23 23 23 23 23 23 23 23 23 24 24 24 24 24 23 23 23 23 21 21 21 21 21 20 21 20 17 16 17 16 16 17 18 16 17 15 15 14 13 12 7 9 8 7 7 8 9 12 10 11 9 9 10 9 10 9 10 10 10 11 11 11 11 11 12 12 12 12 13 12 13 13 13 13 13 15 15
-999 -999 -999 -999 -999 -999 -999 -999 -999 -999 -999 -999 -999 -999 -999 -999 -999 -999 -999 23 22 23 23 23 23 23 23 24 24 23 23 24 24 24 23 24 24 23 21 22 22 22 20 20 18 19 18 18 16 17 17 18 17 16 13 13 15 12 11 6 8 7 7 6 7 7 9 10 10 10 8 9 9 10 8 9 10 10 11 11 11 11 12 12 12 12 12 12 12 12 13 13 13 14 14 15
-999 -999 -999 -999 -999 -999 -999 -999 -999 -999 -999 -999 -999 -999 -999 -999 -999 -999 -999 23 23 23 23 23 22 22 22 23 23 23 24 24 24 25 25 24 24 24 21 22 22 22 22 20 20 18 19 18 18 18 19 17 16 16 10 12 13 11 8 6 6 7 6 6 8 6 9 9 9 8 8 8 8 8 9 9 9 9 10 11 11 11 11 11 12 12 13 12 12 12 14 13 13 14 14 14
-999 -999 -999 -999 -999 -999 -999 -999 -999 -999 -999 -999 -999 -999 -999 -999 -999 -999 23 23 22 22 22 21 21 21 23 23 23 23 24 24 25 25 25 25 24 24 22 22 22 23 22 19 19 19 18 18 19 19 17 14 12 14 12 10 7 8 4 5 6 5 5 4 4 7 10 9 10 10 8 9 9 9 9 9 9 9 9 11 11 11 11 12 12 12 12 12 13 13 12 12 14 14 14 14
-999 -999 -999 -999 -999 -999 -999 -999 -999 -999 -999 -999 -999 -999 -999 -999 -999 -999 23 22 22 22 22 21 21 21 22 21 23 23 24 25 25 25 25 24 24 24 24 23 23 22 23 20 19 20 19 16 19 19 18 16 14 10 10 9 9 7 5 3 5 4 3 4 2 4 6 7 8 8 7 7 8 8 10 9 9 10 10 10 11 11 11 12 12 12 12 12 12 12 12 12 13 13 13 13
-999 -999 -999 -999 -999 -999 -999 -999 -999 -999 -999 -999 -999 -999 -999 -999 -999 -999 23 22 22 21 21 21 21 21 21 22 23 23 24 25 25 25 24 24 24 24 24 24 24 22 23 20 20 21 18 19 19 18 16 18 14 13 13 11 7 5 3 2 4 3 3 2 2 2 4 6 7 7 7 7 8 8 8 9 9 9 10 10 11 11 12 12 12 12 12 12 12 12 12 12 13 12 13 13
-999 -999 -999 -999 -999 -999 -999 -999 -999 -999 -999 -999 -999 -999 -999 -999 -999 -999 23 23 22 22 20 22 22 21 20 22 23 23 24 25 24 25 24 24 24 24 24 24 23 22 23 21 20 19 20 19 19 18 13 16 18 16 14 8 10 8 7 3 3 3 2 0 2 2 3 4 7 5 6 7 7 8 8 9 9 10 10 10 11 11 11 12 12 12 12 11 11 12 12 12 12 13 13 12
-999 -999 -999 -999 -999 -999 -999 -999 -999 -999 -999 -999 -999 -999 -999 -999 -999 23 23 23 22 22 22 20 21 22 20 22 23 23 24 25 24 25 24 24 24 24 24 24 24 24 22 21 20 22 20 19 18 17 13 12 14 15 13 12 12 11 7 3 2 2 1 0 1 3 3 4 4 5 6 6 7 7 7 8 9 9 10 10 11 11 11 12 12 12 12 11 11 11 12 13 13 13 11 11
-999 -999 -999 -999 -999 -999 -999 -999 -999 -999 -999 -999 -999 -999 -999 -999 -999 22 23 23 22 22 21 20 18 19 22 22 23 23 24 25 24 24 24 24 24 24 24 24 24 24 23 22 22 21 20 18 16 13 13 9 12 13 14 15 12 9 9 5 2 3 3 0 2 2 3 4 4 6 6 7 7 8 8 9 9 9 9 10 11 11 11 11 11 11 11 11 11 11 12 12 12 11 11 11
-999 -999 -999 -999 -999 -999 -999 -999 -999 -999 -999 -999 -999 -999 -999 -999 -999 22 23 23 21 21 21 20 20 21 23 23 24 24 24 25 24 24 24 24 24 25 25 24 24 23 23 22 20 19 17 17 16 9 11 7 12 9 9 12 14 10 10 5 2 2 2 1 2 2 3 5 6 5 5 6 7 7 7 9 9 9 9 11 11 11 12 11 11 11 11 11 11 12 12 11 11 11 11 11
-999 -999 -999 -999 -999 -999 -999 -999 -999 -999 -999 -999 -999 -999 -999 -999 -999 22 23 23 22 21 21 20 21 21 22 24 23 24 24 25 25 24 25 25 25 25 25 25 24 24 23 21 19 17 16 15 13 10 6 7 10 10 6 12 14 9 7 6 4 2 4 3 3 4 3 4 5 5 5 7 7 7 7 9 9 9 10 10 11 11 12 12 11 11 11 11 12 12 12 11 11 11 10 11
-999 -999 -999 -999 -999 -999 -999 -999 -999 -999 -999 -999 -999 -999 -999 -999 -999 22 23 23 22 22 21 21 22 21 23 24 24 23 24 24 25 25 25 26 26 26 26 25 25 24 24 22 20 17 17 15 11 8 6 7 7 7 7 10 14 10 7 6 5 3 4 3 4 5 4 5 6 6 6 8 7 7 7 7 9 9 9 10 11 11 12 12 12 11 11 11 12 12 11 11 11 11 10 10
-999 -999 -999 -999 -999 -999 -999 -999 -999 -999 -999 -999 -999 -999 -999 -999 -999 22 23 23 22 22 22 22 22 23 23 24 23 23 24 25 25 25 26 26 27 26 26 26 26 25 22 22 21 21 19 16 14 11 8 9 7 8 7 9 13 12 6 6 6 5 4 5 6 5 5 6 5 5 6 8 6 6 7 8 9 9 9 11 11 12 12 12 11 11 11 12 12 12 11 11 11 10 10 9
-999 -999 -999 -999 -999 -999 -999 -999 -999 -999 -999 -999 -999 -999 -999 -999 -999 21 23 23 23 23 22 23 23 23 23 23 22 23 24 25 25 25 26 27 27 27 26 26 25 25 22 21 19 20 17 16 14 13 10 10 9 7 7 7 11 12 9 6 6 5 6 6 6 6 7 6 7 7 7 8 8 7 7 8 9 9 10 11 11 11 11 12 11 11 11 12 12 11 11 10 10 11 10 9
-999 -999 -999 -999 -999 -999 -999 -999 -999 -999 -999 -999 -999 -999 -999 -999 -999 22 21 23 22 22 22 23 22 22 22 23 23 23 24 25 25 26 27 27 27 27 26 26 25 24 22 21 19 16 16 13 16 14 11 9 8 8 7 7 7 12 7 7 6 6 6 6 6 4 5 5 5 6 5 8 7 8 7 8 9 9 10 11 11 12 12 12 12 11 12 12 12 12 10 10 10 10 10 9
-999 -999 -999 -999 -999 -999 -999 -999 -999 -999 -999 -999 -999 -999 -999 -999 -999 -999 22 22 22 22 22 22 22 22 22 22 23 23 24 25 25 26 27 28 29 28 27 25 23 23 21 19 17 13 12 12 12 10 13 10 10 10 8 7 7 9 10 7 7 6 4 4 5 5 6 6 6 6 6 6 9 7 7 7 9 9 10 10 11 12 12 12 12 11 12 12 12 12 10 10 10 10 10 10
-999 -999 -999 -999 -999 -999 -999 -999 -999 -999 -999 -999 -999 -999 -999 -999 -999 -999 -999 21 21 21 21 22 22 22 22 22 22 23 24 25 25 26 27 29 31 29 27 24 22 18 18 15 16 14 14 14 14 13 12 11 10 11 9 8 8 9 10 8 9 8 7 6 4 4 4 4 4 4 7 8 8 7 7 8 9 9 10 10 10 11 11 12 11 11 12 12 12 12 10 10 11 10 10 9
-999 -999 -999 -999 -999 -999 -999 -999 -999 -999 -999 -999 -999 -999 -999 -999 -999 -999 -999 -999 21 21 21 22 21 22 22 22 22 22 24 25 25 26 27 29 30 29 27 23 22 21 20 17 17 16 15 16 14 12 10 12 11 11 11 9 8 9 7 9 7 6 5 5 5 5 6 6 6 7 8 7 7 8 7 9 9 9 10 10 10 11 12 12 11 11 12 12 12 12 10 10 11 10 10 9
-999 -999 -999 -999 -999 -999 -999 -999 -999 -999 -999 -999 -999 -999 -999 -999 -999 -999 -999 -999 21 21 21 21 21 20 22 22 22 22 23 24 25 25 26 28 28 27 24 23 22 21 20 18 16 17 16 14 12 13 14 12 12 13 9 10 9 6 9 8 7 5 5 4 4 4 6 5 6 5 6 8 8 9 9 9 9 9 10 10 10 10 11 12 11 11 12 12 12 12 10 10 11 11 11 10
-999 -999 -999 -999 -999 -999 -999 -999 -999 -999 -999 -999 -999 -999 -999 -999 -999 -999 -999 -999 21 21 21 21 21 21 21 21 21 22 22 23 24 24 24 25 24 24 23 22 22 21 20 19 17 17 16 15 15 14 11 12 13 11 12 8 8 7 7 6 6 6 6 5 5 5 6 6 6 5 5 8 7 7 7 10 10 10 10 10 11 10 12 12 12 12 12 12 12 10 10 11 11 11 11 10
-999 -999 -999 -999 -999 -999 -999 -999 -999 -999 -999 -999 -999 -999 -999 -999 -999 -999 -999 -999 20 21 21 21 21 20 21 21 21 21 21 22 22 22 22 23 21 21 19 18 17 19 17 17 16 16 16 14 14 14 12 13 11 10 8 8 7 7 6 6 6 7 5 4 5 6 6 6 6 7 6 7 6 7 7 9 9 10 10 10 11 10 11 12 12 11 12 11 11 11 10 11 11 11 11 10
-999 -999 -999 -999 -999 -999 -999 -999 -999 -999 -999 -999 -999 -999 -999 -999 -999 -999 -999 -999 20 20 20 20 20 20 20 20 20 21 21 21 21 18 20 20 19 19 19 17 15 15 16 16 16 16 15 15 14 13 12 12 11 11 10 10 7 6 5 7 6 5 7 6 5 5 5 5 6 7 6 6 6 7 8 8 9 9 10 11 11 11 11 11 12 12 12 11 11 11 10 11 11 11 11 11
-999 -999 -999 -999 -999 -999 -999 -999 -999 -999 -999 -999 -999 -999 -999 -999 -999 -999 -999 -999 20 20 20 20 20 20 20 20 20 20 20 20 20 19 17 19 20 16 16 15 13 16 15 15 15 15 14 14 14 14 14 9 10 7 8 8 6 5 6 6 7 6 6 7 5 5 5 6 6 6 6 6 6 6 8 8 9 9 10 10 11 11 11 11 12 12 12 12 11 11 11 11 11 11 11 11
-999 -999 -999 -999 -999 -999 -999 -999 -999 -999 -999 -999 -999 -999 -999 -999 -999 -999 -999 20 20 20 20 20 20 20 20 20 19 19 18 18 17 16 15 16 16 14 14 12 12 11 14 12 15 15 13 12 13 10 9 10 7 8 5 5 5 5 6 5 6 7 6 8 6 7 5 5 6 6 6 6 7 8 8 8 9 9 10 10 12 12 8 11 11 12 12 12 12 12 12 11 11 11 11 11
-999 -999 -999 -999 -999 -999 -999 -999 -999 -999 -999 -999 -999 -999 -999 -999 -999 -999 20 20 20 20 20 19 19 19 19 19 19 17 18 16 14 15 14 13 11 12 11 11 8 10 8 9 12 13 13 11 12 12 11 6 6 5 5 5 6 3 4 5 6 7 4 7 8 6 6 6 6 7 7 8 9 9 8 9 9 10 10 11 12 12 11 11 11 12 12 12 12 12 12 12 12 11 11 11
-999 -999 -999 -999 -999 -999 -999 -999 -999 -999 -999 -999 -999 -999 -999 -999 -999 -999 20 20 20 20 19 19 19 19 19 19 18 17 17 15 14 14 13 11 10 9 10 10 7 6 5 9 11 12 13 9 9 9 9 9 5 6 6 5 6 5 5 4 6 7 7 8 6 6 6 6 6 7 7 8 9 9 9 9 9 10 10 12 12 12 12 12 12 12 12 12 12 12 12 12 12 12 12 11
-999 -999 -999 -999 -999 -999 -999 -999 -999 -999 -999 -999 -999 -999 -999 -999 -999 -999 20 20 20 20 19 19 19 19 19 18 18 18 16 15 15 14 11 8 7 5 8 6 3 4 3 8 10 9 10 11 8 6 7 10 9 6 7 6 5 6 4 4 5 5 7 7 6 8 6 6 7 7 8 8 9 9 9 10 10 10 10 11 11 11 12 12 12 12 12 12 12 12 12 12 12 12 11 11
-999 -999 -999 -999 -999 -999 -999 -999 -999 -999 -999 -999 -999 -999 -999 -999 -999 -999 20 20 20 20 19 19 19 19 19 18 18 18 16 14 13 11 10 9 6 6 4 4 2 1 2 6 7 5 6 8 11 6 5 4 4 6 9 6 6 6 6 5 6 7 7 8 8 7 7 7 8 8 8 9 9 9 9 10 10 10 11 11 11 11 11 11 12 12 12 12 12 12 12 12 12 12 12 12
-999 -999 -999 -999 -999 -999 -999 -999 -999 -999 -999 -999 -999 -999 -999 -999 -999 -999 20 20 20 19 19 19 19 19 18 18 18 17 15 13 12 10 7 6 4 4 2 0 1 2 4 7 4 2 3 5 6 10 4 3 4 4 6 6 7 6 6 7 7 7 5 7 8 9 8 7 9 8 9 9 9 9 9 9 9 10 11 10 10 11 11 11 12 12 12 12 12 12 12 12 12 12 12 12
-999 -999 -999 -999 -999 -999 -999 -999 -999 -999 -999 -999 -999 -999 -999 -999 -999 -999 20 20 20 20 19 19 19 19 18 18 17 16 14 12 11 10 8 3 2 0 1 1 0 1 4 4 7 5 4 3 5 7 3 2 3 4 2 4 6 6 5 7 7 5 3 4 6 8 8 8 8 9 9 9 9 10 9 9 9 9 11 11 10 11 11 11 12 12 12 12 12 12 12 12 12 9 11 9
-999 -999 -999 -999 -999 -999 -999 -999 -999 -999 -999 -999 -999 -999 -999 -999 -999 20 20 20 20 20 19 19 19 19 18 17 17 16 13 11 9 7 6 2 0 4 2 1 0 1 3 3 2 6 7 5 2 5 3 3 4 4 4 5 5 6 7 7 4 6 6 6 5 5 7 8 8 9 9 9 9 9 9 9 10 11 11 12 12 11 11 11 11 12 11 11 12 11 10 10 9 9 10 11
-999 -999 -999 -999 -999 -999 -999 -999 -999 -999 -999 -999 -999 -999 -999 -999 -999 21 20 20 20 20 20 20 19 19 19 17 17 15 11 8 7 6 5 6 5 3 3 0 0 0 1 2 1 2 4 6 1 1 1 3 3 4 3 4 5 7 5 5 7 6 7 7 7 7 6 9 7 9 9 9 9 9 10 9 10 11 11 12 12 12 12 11 11 11 12 11 11 10 11 11 9 9 10 10
-999 -999 -999 -999 -999 -999 -999 -999 -999 -999 -999 -999 -999 -999 -999 -999 -999 21 21 21 21 20 20 20 20 19 18 17 17 16 13 11 10 8 9 6 1 4 2 0 0 0 2 2 2 2 0 2 0 0 0 2 3 5 5 4 4 3 5 4 4 5 6 7 6 8 8 8 8 8 9 9 9 9 9 10 10 11 11 11 12 12 11 11 13 11 12 11 12 11 11 9 10 10 10 11
-999 -999 -999 -999 -999 -999 -999 -999 -999 -999 -999 -999 -999 -999 -999 -999 -999 21 21 21 21 21 21 20 19 19 18 16 14 14 13 12 11 12 8 4 0 4 0 0 2 1 3 3 2 3 1 1 4 4 0 0 1 2 1 1 4 5 4 3 4 5 7 6 7 8 9 9 8 9 9 8 8 9 9 11 10 11 11 13 13 13 12 13 12 12 13 12 12 12 12 13 10 11 11 11
-999 -999 -999 -999 -999 -999 -999 -999 -999 -999 -999 -999 -999 -999 -999 -999 -999 21 21 21 21 21 21 20 19 19 17 14 13 14 12 11 11 10 6 5 2 2 3 1 3 3 4 2 4 3 6 3 6 3 0 1 2 1 0 1 3 3 4 4 4 4 4 4 7 7 8 8 8 10 11 9 10 10 11 11 12 12 12 13 13 14 13 13 12 12 14 12 12 12 11 13 12 13 13 12
-999 -999 -999 -999 -999 -999 -999 -999 -999 -999 -999 -999 -999 -999 -999 -999 -999 22 22 22 22 22 22 21 20 20 18 17 15 12 13 11 9 11 10 6 3 1 1 5 5 3 4 7 4 3 5 5 2 0 0 2 0 3 0 1 2 2 4 2 3 3 4 4 5 7 7 8 9 9 10 10 10 12 10 11 11 12 14 13 13 14 14 14 13 13 14 11 12 12 13 13 13 12 13 12
-999 -999 -999 -999 -999 -999 -999 -999 -999 -999 -999 -999 -999 -999 -999 -999 22 22 23 23 23 22 23 21 21 20 17 17 17 14 9 11 11 12 7 8 5 1 1 3 6 6 2 6 7 8 8 4 1 0 0 0 1 3 1 0 3 4 4 3 2 4 5 4 5 5 6 8 8 9 9 9 9 10 11 11 13 13 13 12 13 14 13 15 15 16 16 14 14 14 13 13 13 12 13 12
-999 -999 -999 -999 -999 -999 -999 -999 -999 -999 -999 -999 -999 -999 -999 -999 22 22 23 24 23 23 23 22 20 18 16 17 15 14 14 10 9 11 7 2 0 2 3 8 6 4 3 6 8 4 4 3 2 3 3 0 0 2 1 0 0 3 4 5 3 5 5 5 5 5 6 7 7 8 8 9 9 10 10 11 11 11 11 13 13 13 13 13 13 14 16 13 13 14 13 13 13 12 12 12
-999 -999 -999 -999 -999 -999 -999 -999 -999 -999 -999 -999 -999 -999 -999 -999 22 23 23 24 23 23 22 20 20 18 17 14 14 14 11 11 11 9 7 4 3 5 4 5 6 10 6 7 8 4 4 0 4 2 4 1 0 3 2 0 1 1 2 5 5 5 6 5 5 5 6 9 8 8 8 9 10 10 10 11 11 11 11 12 13 13 13 14 14 14 15 15 15 15 14 13 12 13 13 12
-999 -999 -999 -999 -999 -999 -999 -999 -999 -999 -999 -999 -999 -999 -999 22 23 23 23 23 24 24 23 22 21 19 18 16 13 11 9 7 8 8 7 7 10 6 6 7 9 9 8 9 7 8 4 3 2 3 4 4 1 1 5 1 0 1 1 2 4 5 6 5 6 5 6 7 8 8 10 11 11 10 11 11 11 11 13 13 13 13 14 15 15 14 15 15 15 15 14 12 12 13 13 14
-999 -999 -999 -999 -999 -999 -999 -999 -999 -999 -999 -999 -999 -999 22 22 22 23 23 23 23 23 23 20 18 17 17 13 13 10 10 8 6 8 8 9 8 8 8 9 9 11 10 6 6 7 3 5 0 2 2 4 4 4 5 1 3 1 1 1 2 4 6 6 6 6 6 7 8 8 9 9 10 11 12 12 13 12 13 13 13 13 14 14 15 15 15 15 15 14 13 14 13 13 13 14
-999 -999 -999 -999 -999 -999 -999 -999 -999 -999 -999 -999 -999 -999 22 22 22 23 22 23 23 22 21 20 17 13 12 12 11 10 10 8 6 7 10 10 7 9 9 10 12 10 7 6 5 7 6 2 1 2 3 3 4 5 5 5 4 3 1 2 2 4 5 4 5 7 8 8 8 8 10 10 11 11 12 12 13 14 15 13 14 15 15 14 16 16 15 16 14 14 12 12 -999 -999 -999 14
-999 -999 -999 -999 -999 -999 -999 -999 -999 -999 -999 -999 -999 -999 22 22 22 23 22 21 22 21 19 19 18 14 12 14 14 11 10 10 9 8 11 10 7 8 11 10 12 9 9 6 2 5 8 6 3 3 2 3 3 3 5 6 5 2 1 2 2 4 6 5 5 7 8 8 8 9 10 10 11 11 12 11 13 13 15 15 15 15 15 17 16 17 16 15 15 14 12 12 -999 -999 -999 14
