data/grids_germany_annual_hot_days_2018.asc
NCOLS 654
NROWS 866
XLLCORNER 3280414.711633467
YLLCORNER 5237500.62890625
CELLSIZE 1000
NODATA_VALUE -999
[rows 432 to 485 of 866, columns 480 to 575 of 654]
26 26 27 27 27 27 27 27 26 26 26 26 26 25 25 24 24 24 25 26 26 26 27 26 26 26 25 25 25 25 25 24 25 24 24 25 25 25 25 25 25 24 24 25 25 25 26 28 28 28 29 29 29 29 28 29 29 29 29 29 29 30 29 32 32 32 32 33 33 33 33 34 33 33 33 32 32 32 32 32 32 32 31 31 31 30 29 29 30 30 28 29 28 28 28 28
26 26 27 27 27 27 26 26 26 26 26 26 26 26 24 24 24 25 24 26 26 27 26 25 26 26 25 25 25 26 25 24 24 24 24 24 24 23 24 24 24 24 25 24 25 25 25 27 28 27 27 27 29 29 29 29 29 28 29 29 29 29 29 29 31 31 31 32 33 33 34 34 34 33 33 33 33 32 32 32 32 31 31 30 30 30 29 29 29 30 28 29 28 28 29 28
26 26 26 26 26 26 27 26 26 25 26 25 25 24 24 24 24 24 24 25 25 26 26 25 25 25 25 25 24 25 25 25 24 24 25 23 23 23 23 23 23 23 24 25 24 24 25 25 26 27 26 27 27 28 27 27 27 28 27 27 27 28 29 29 29 30 31 31 33 33 34 34 34 35 35 35 35 33 32 31 30 30 30 30 30 29 29 30 29 29 29 29 29 29 29 28
26 26 26 26 27 27 27 25 25 24 24 25 24 25 24 24 24 24 24 25 25 25 25 25 25 25 25 24 24 25 25 26 25 25 24 24 23 23 22 22 21 21 22 23 25 24 25 25 25 26 27 26 26 28 27 27 27 27 27 27 27 27 28 28 29 30 31 31 31 32 34 35 35 35 35 35 35 35 32 32 31 30 30 29 29 29 30 29 29 29 29 29 29 29 29 27
26 26 26 26 27 27 25 25 25 24 24 25 25 25 25 24 24 25 25 25 25 25 25 24 24 25 24 24 24 25 25 25 25 24 24 23 23 23 22 21 21 22 23 24 25 25 25 25 25 25 25 26 26 26 27 27 27 27 28 27 27 27 27 28 29 29 30 31 31 31 32 34 35 35 35 35 35 35 33 32 31 30 30 29 29 29 30 29 29 29 29 29 29 28 27 27
26 26 26 27 27 27 26 25 25 25 25 24 24 24 24 24 24 24 24 25 25 25 25 24 24 24 24 24 24 24 25 24 25 24 23 22 23 22 22 20 20 21 22 24 25 24 24 24 24 25 25 25 26 26 26 26 27 27 27 27 27 27 27 28 28 29 29 30 31 32 33 34 34 35 36 36 36 35 34 34 31 31 30 29 29 28 29 29 28 28 29 28 29 28 27 27
26 26 26 26 27 26 26 25 25 25 25 25 25 24 24 24 24 24 25 25 25 25 24 24 24 24 24 24 24 25 25 24 23 23 23 22 22 21 22 20 20 22 22 22 23 24 24 24 24 24 25 25 25 26 26 26 26 26 26 26 27 27 27 27 28 28 29 29 31 32 33 34 35 36 37 38 37 36 34 33 33 31 30 29 29 30 29 30 28 29 29 28 28 27 27 27
26 26 26 25 25 26 26 25 25 25 25 25 25 25 24 24 24 24 24 24 25 24 24 24 24 24 24 23 24 23 24 23 23 23 23 22 22 22 21 21 21 21 23 22 23 23 24 24 23 24 25 25 25 25 24 25 25 26 26 26 26 26 28 28 28 28 29 30 29 30 32 34 35 36 38 39 37 36 35 34 33 33 32 31 31 31 31 30 30 29 29 29 27 27 26 25
26 26 25 25 25 26 25 25 25 25 25 25 25 24 24 24 24 24 24 24 25 24 24 24 24 24 23 23 23 23 24 23 23 23 23 22 22 22 21 21 21 21 22 24 23 23 22 23 24 24 24 25 25 25 25 25 24 25 25 26 26 26 26 28 28 29 29 29 28 29 31 33 34 35 36 37 37 36 34 34 33 33 32 31 31 31 31 31 30 30 29 28 27 27 27 26
26 26 24 25 25 26 26 25 25 25 25 25 24 24 24 24 24 24 25 25 25 25 24 24 24 24 23 23 23 23 23 23 23 22 21 21 22 22 22 21 21 21 22 23 23 23 23 23 23 23 23 23 25 25 23 24 24 24 24 25 27 26 26 26 28 28 29 27 29 28 29 32 33 34 35 36 36 35 35 33 32 33 32 31 31 31 31 31 30 29 29 28 28 28 26 26
24 24 24 24 26 26 25 25 25 24 24 24 24 24 24 23 23 24 25 23 23 24 24 23 23 22 23 23 23 23 23 24 23 23 22 21 22 22 21 21 21 22 22 23 23 23 23 23 23 23 23 23 23 24 23 22 22 23 25 25 26 24 24 25 27 28 27 27 28 27 28 29 30 32 34 34 34 33 33 32 31 32 31 31 30 30 30 30 29 29 28 28 28 27 26 27
24 24 24 24 25 26 25 25 25 25 25 23 23 23 23 23 23 23 23 24 24 23 23 23 23 23 22 23 23 23 23 23 23 23 21 22 22 22 21 21 21 21 21 22 22 23 22 22 22 22 22 22 22 22 24 22 22 23 23 24 24 24 25 25 25 26 24 25 26 27 27 27 27 28 31 32 30 31 31 30 30 30 31 30 30 30 30 30 28 28 28 27 27 27 27 28
24 25 24 25 26 25 25 24 24 24 23 24 24 24 23 23 23 23 23 24 23 23 23 23 23 23 22 22 23 23 23 22 23 23 23 22 22 22 21 21 21 21 23 22 22 22 23 22 22 22 22 22 22 22 22 22 22 22 23 23 23 23 24 25 25 24 24 24 24 25 25 26 26 26 28 29 29 29 30 29 30 29 30 31 31 31 29 30 29 28 28 27 27 29 28 27
24 25 25 25 26 25 25 24 24 24 23 23 23 23 23 23 23 23 23 23 23 24 23 22 23 23 22 22 23 22 23 22 23 23 23 22 22 21 21 21 21 21 23 22 22 22 22 23 22 22 22 22 22 22 21 21 22 22 21 22 23 23 23 24 24 24 24 24 23 23 23 24 25 26 26 27 27 28 27 28 28 29 29 28 30 29 29 29 28 29 27 27 27 27 26 27
24 23 23 24 24 25 25 23 23 23 23 23 23 23 23 23 23 23 23 23 23 23 23 22 22 22 22 22 23 23 22 22 23 22 22 23 22 22 22 22 22 22 23 22 22 22 22 22 23 22 22 21 22 22 21 21 22 22 22 22 22 23 22 22 23 23 23 22 21 21 21 22 22 22 24 24 24 25 26 26 27 27 28 28 28 29 29 29 27 27 27 29 27 26 26 27
23 23 23 24 24 24 24 24 23 24 23 23 23 23 23 23 23 23 23 23 23 23 23 22 22 22 22 23 22 23 22 22 22 22 23 23 22 22 22 22 22 22 23 22 23 22 22 21 22 22 22 22 21 21 21 20 21 21 20 21 21 21 21 20 21 21 22 20 21 20 19 20 20 21 22 23 22 23 24 25 26 26 27 28 27 28 28 28 27 27 27 26 26 26 26 27
24 23 23 24 24 24 24 23 23 23 23 23 23 23 23 23 23 23 23 23 23 23 23 22 22 22 22 22 23 22 22 22 22 22 23 22 22 22 22 22 22 22 22 22 23 22 22 21 22 22 22 22 22 22 20 20 20 20 20 21 21 21 21 20 21 21 21 19 20 20 18 18 18 18 20 22 21 21 23 24 25 24 25 27 27 28 27 28 28 27 25 25 25 25 26 24
24 24 24 24 24 23 23 24 23 23 23 23 23 23 22 23 22 23 23 22 23 23 22 22 22 22 22 22 23 22 22 22 22 22 22 22 22 22 22 21 21 22 22 21 22 21 22 22 21 22 22 22 21 21 20 20 20 20 20 20 21 21 21 21 21 19 20 19 19 18 18 16 17 18 20 20 20 20 22 24 24 24 24 26 26 27 26 27 28 27 26 25 25 25 25 25
23 24 24 24 24 23 23 24 24 23 23 23 23 23 23 22 22 23 22 23 23 24 22 22 22 22 22 22 22 22 22 22 21 22 21 23 22 22 21 21 21 22 22 21 22 21 21 22 21 22 22 21 20 20 20 20 20 20 20 21 21 21 21 21 19 19 19 18 17 17 16 15 16 19 19 19 19 21 22 23 23 24 24 24 24 25 26 26 26 26 26 25 25 25 25 26
23 24 24 23 24 23 23 22 22 23 24 23 23 23 23 23 22 22 23 22 22 22 22 21 21 22 22 22 22 22 22 21 21 21 22 21 21 21 21 20 20 20 21 21 21 22 21 21 20 20 20 21 21 20 20 19 19 18 21 20 20 21 21 19 19 20 19 18 17 16 16 16 17 18 19 20 19 20 22 20 21 23 23 23 24 25 25 25 25 25 26 25 24 24 25 24
24 23 23 24 24 23 22 22 22 22 22 23 23 22 22 22 23 22 21 21 22 22 22 22 22 22 22 22 22 22 22 21 21 21 21 20 21 21 21 21 20 20 21 21 21 21 21 21 20 20 20 20 20 20 20 19 19 18 19 20 19 20 19 20 19 20 18 17 17 17 17 16 17 17 18 19 19 19 19 20 20 21 21 22 23 23 23 25 25 25 26 25 25 24 26 23
23 24 24 23 23 22 22 22 22 22 22 22 23 23 23 22 22 22 21 21 22 22 22 22 22 22 22 22 22 22 21 21 21 21 20 20 20 21 21 20 20 20 20 21 21 21 20 21 20 20 20 20 20 20 19 19 18 18 19 19 19 19 19 19 19 18 17 17 16 16 15 16 16 17 17 18 19 21 18 18 20 20 20 22 22 23 22 23 24 24 24 25 24 24 24 23
23 22 22 22 22 22 22 22 21 22 21 22 22 22 21 21 21 21 21 21 22 21 22 21 22 21 21 20 20 21 22 21 20 20 20 21 21 20 21 20 20 20 20 19 20 20 20 20 21 20 20 20 19 19 19 18 18 18 18 19 18 18 17 18 17 17 17 16 17 15 15 15 16 17 16 16 18 18 18 17 19 18 19 19 20 22 21 23 23 24 24 24 23 23 23 22
22 22 22 22 21 21 21 21 20 20 20 20 21 21 22 21 20 20 21 21 21 21 21 21 21 21 22 21 20 20 20 20 20 20 20 20 20 20 21 20 20 20 19 19 19 20 20 20 20 20 20 19 19 19 18 17 17 17 17 17 17 16 16 16 16 17 16 16 15 15 14 15 14 15 16 15 16 17 18 16 16 18 17 19 19 19 19 20 20 20 22 24 23 23 23 23
22 22 22 21 20 20 21 21 20 20 20 20 21 21 20 20 20 20 21 21 21 21 21 20 20 20 20 21 20 19 20 19 19 20 20 19 19 20 20 19 20 20 20 19 19 19 20 20 20 20 18 19 19 18 17 17 17 17 17 16 16 17 16 15 16 15 16 15 14 13 14 14 14 14 14 14 15 16 17 16 17 16 17 17 18 17 18 20 19 18 21 23 23 22 23 23
22 22 20 20 21 20 20 20 20 20 20 20 21 21 20 20 20 20 20 21 20 21 21 21 20 20 20 20 20 20 19 19 20 20 19 19 19 19 20 19 20 20 20 19 19 19 19 20 21 19 19 18 18 19 18 17 17 17 16 16 16 16 15 15 16 15 14 15 15 13 12 14 14 13 14 16 17 15 16 15 16 16 16 16 17 17 18 19 19 18 20 22 22 22 22 23
21 20 20 21 20 20 20 20 19 19 19 19 20 20 20 20 19 19 19 19 20 20 20 20 21 20 20 19 19 20 20 19 19 20 20 18 18 18 20 18 19 18 19 18 18 18 18 18 20 18 18 18 17 18 18 18 16 17 16 16 16 14 14 15 13 14 13 14 13 13 12 12 13 13 15 14 14 14 13 14 14 14 16 15 15 17 16 18 18 19 19 20 21 20 21 21
20 20 20 20 20 20 20 19 19 19 19 19 18 19 20 19 18 18 19 19 19 20 20 20 20 20 21 20 20 21 20 20 20 19 19 18 18 18 18 18 18 18 18 18 18 18 18 18 18 18 18 17 17 17 17 16 16 16 16 15 14 15 15 14 13 13 13 13 13 14 12 10 10 11 12 13 12 12 13 13 13 13 14 15 15 15 16 17 16 17 20 19 19 20 21 20
20 20 20 20 20 20 19 19 19 19 19 18 18 19 19 19 19 18 18 18 18 19 19 19 19 20 21 21 21 21 21 20 20 19 19 19 18 18 18 18 18 18 18 18 18 18 18 18 18 18 18 17 17 17 17 16 16 16 15 15 15 14 14 14 13 13 11 12 13 12 12 10 9 10 10 12 11 10 12 12 12 12 14 14 14 15 17 15 16 17 19 19 19 20 22 21
20 20 20 20 20 20 19 19 19 19 19 18 18 18 19 19 19 19 18 17 18 18 19 19 19 19 20 21 20 19 20 20 19 19 18 19 19 18 18 18 18 18 17 18 17 18 17 17 17 18 17 18 17 16 15 16 16 15 14 15 15 14 14 14 13 13 11 12 13 11 9 10 10 8 8 10 12 11 10 11 12 11 12 13 14 15 15 15 17 -999 -999 -999 -999 -999 -999 -999
20 20 20 20 19 19 18 18 18 18 18 18 19 18 18 18 19 18 18 18 18 18 19 18 18 19 20 18 18 18 20 19 19 19 18 19 19 18 18 17 18 16 16 16 16 17 17 17 17 18 18 17 17 17 16 15 15 15 14 14 14 14 14 14 13 11 11 11 11 10 8 9 8 7 9 9 10 11 11 11 11 11 12 13 13 14 15 14 16 -999 -999 -999 -999 -999 -999 -999
20 19 19 19 18 18 18 17 18 18 18 18 18 17 18 18 18 18 18 18 18 17 17 18 18 19 20 19 18 19 19 19 18 19 20 19 18 18 18 17 17 16 16 16 17 17 17 17 17 18 17 16 18 16 16 16 15 15 13 13 14 14 14 13 13 13 11 10 10 10 8 7 6 6 8 9 9 10 11 10 10 11 11 12 13 14 15 15 -999 -999 -999 -999 -999 -999 -999 -999
20 19 19 18 18 18 18 18 18 18 17 17 18 18 18 18 18 17 17 18 17 17 16 18 18 19 20 19 18 18 19 19 17 18 18 19 19 19 17 17 16 17 16 17 17 17 17 17 17 17 18 17 17 17 15 15 15 15 14 13 13 14 12 12 13 11 9 9 10 8 8 6 6 6 7 7 7 8 9 11 10 9 10 12 13 -999 -999 -999 -999 -999 -999 -999 -999 -999 -999 -999
19 18 19 18 18 19 18 18 18 18 17 17 17 17 18 18 17 17 17 17 17 16 16 17 19 20 20 18 18 18 19 19 18 18 17 17 19 18 17 17 17 17 17 17 17 17 17 17 17 18 16 17 16 15 15 15 15 15 14 14 13 13 12 12 12 12 10 9 9 6 5 6 5 7 6 7 7 9 9 9 10 9 10 11 -999 -999 -999 -999 -999 -999 -999 -999 -999 -999 -999 -999
19 18 19 18 19 19 18 18 18 17 17 17 17 17 18 17 17 17 16 16 16 16 17 18 17 19 19 17 18 18 18 19 19 18 18 16 17 16 18 17 18 17 17 17 17 16 16 17 17 16 16 16 15 15 16 16 14 14 13 13 14 14 11 12 11 10 11 9 8 6 5 5 4 4 5 6 5 7 7 7 8 10 9 10 -999 -999 -999 -999 -999 -999 -999 -999 -999 -999 -999 -999
19 20 20 19 19 19 18 18 17 17 17 15 15 15 17 18 18 18 17 16 16 15 16 17 16 18 17 18 18 18 17 17 17 18 17 17 16 16 16 16 16 16 17 16 16 16 16 15 15 16 16 16 15 14 14 14 15 14 14 13 12 12 12 10 9 9 8 7 7 6 5 4 4 3 4 5 6 6 5 7 6 9 9 9 9 -999 -999 -999 -999 -999 -999 -999 -999 -999 -999 -999
20 20 19 19 19 19 18 16 16 16 16 16 16 15 17 17 17 16 16 17 17 15 15 16 15 16 17 18 18 16 16 16 17 17 18 16 15 15 16 16 15 15 15 17 16 16 15 15 16 15 16 14 15 14 13 14 14 14 13 11 11 11 10 9 10 9 8 8 5 7 4 3 3 2 2 4 4 5 5 7 6 8 9 9 9 -999 -999 -999 -999 -999 -999 -999 -999 -999 -999 -999
21 21 20 19 19 18 18 16 17 16 16 16 16 16 17 17 17 17 16 16 17 16 15 15 16 16 16 17 18 16 16 16 16 17 16 16 15 15 15 16 16 15 16 16 17 15 15 15 15 14 13 13 14 14 14 13 14 15 12 12 11 10 10 8 9 8 7 8 6 6 5 3 2 1 1 2 3 4 5 6 6 7 7 -999 -999 -999 -999 -999 -999 -999 -999 -999 -999 -999 -999 -999
19 20 19 19 18 18 17 16 17 17 17 17 17 16 17 16 15 15 16 16 16 14 15 14 15 16 16 16 18 17 16 14 15 16 16 16 15 15 15 15 15 15 16 16 15 15 14 14 13 13 14 14 14 14 14 13 13 13 13 13 11 10 10 8 7 7 6 6 5 4 4 4 2 2 0 1 3 3 4 4 5 7 8 -999 -999 -999 -999 -999 -999 -999 -999 -999 -999 -999 -999 -999
19 20 19 18 17 17 17 16 17 17 17 17 17 17 16 15 14 14 14 14 15 15 15 14 14 14 15 15 16 16 16 14 14 14 14 15 15 14 15 15 15 15 14 15 14 14 13 13 12 13 13 12 12 13 13 11 12 12 12 11 11 11 11 11 9 9 6 5 5 4 3 3 3 -999 -999 -999 -999 -999 -999 -999 5 -999 -999 -999 -999 -999 -999 -999 -999 -999 -999 -999 -999 -999 -999 -999
19 20 19 18 18 17 18 17 17 17 17 17 16 16 16 14 14 15 14 15 15 15 14 14 14 15 16 16 16 15 14 13 13 14 15 15 15 14 15 16 15 15 15 14 14 14 14 13 13 13 11 12 12 12 13 11 12 12 10 10 10 10 9 7 8 9 7 -999 -999 -999 -999 -999 -999 -999 -999 -999 -999 -999 -999 -999 -999 -999 -999 -999 -999 -999 -999 -999 -999 -999 -999 -999 -999 -999 -999 -999
19 19 18 17 18 17 18 17 17 17 16 16 16 15 15 14 15 14 16 15 16 14 14 14 15 15 16 15 14 14 12 13 14 14 15 14 15 16 14 16 16 15 15 14 15 14 14 13 13 12 12 11 11 12 12 11 11 12 11 10 11 10 9 8 7 8 7 -999 -999 -999 -999 -999 -999 -999 -999 -999 -999 -999 -999 -999 -999 -999 -999 -999 -999 -999 -999 -999 -999 -999 -999 -999 -999 -999 -999 -999
19 19 19 18 17 18 17 17 17 16 16 15 15 15 16 16 15 15 14 14 14 14 14 14 15 15 15 13 13 12 12 12 12 12 12 13 14 14 15 14 13 13 14 13 13 13 13 12 12 12 12 12 11 11 12 11 11 11 11 12 -999 -999 -999 -999 -999 -999 -999 -999 -999 -999 -999 -999 -999 -999 -999 -999 -999 -999 -999 -999 -999 -999 -999 -999 -999 -999 -999 -999 -999 -999 -999 -999 -999 -999 -999 -999
18 19 18 17 17 17 17 17 17 16 15 14 15 16 16 15 15 15 13 13 14 15 15 14 14 13 15 13 12 11 12 11 12 12 12 12 13 14 15 14 13 13 13 13 13 13 13 13 13 12 13 11 11 10 10 11 12 11 12 10 -999 -999 -999 -999 -999 -999 -999 -999 -999 -999 -999 -999 -999 -999 -999 -999 -999 -999 -999 -999 -999 -999 -999 -999 -999 -999 -999 -999 -999 -999 -999 -999 -999 -999 -999 -999
19 19 18 17 17 17 17 17 17 16 15 15 16 16 16 14 14 15 13 14 15 15 14 14 13 14 14 12 11 10 11 11 11 11 12 12 13 13 15 15 14 13 14 13 12 13 13 13 13 13 12 11 11 11 10 12 12 11 9 8 10 -999 -999 -999 -999 -999 -999 -999 -999 -999 -999 -999 -999 -999 -999 -999 -999 -999 -999 -999 -999 -999 -999 -999 -999 -999 -999 -999 -999 -999 -999 -999 -999 -999 -999 -999
18 18 18 17 17 16 17 16 16 15 15 16 15 15 15 14 14 14 15 14 14 15 13 13 14 14 14 12 12 11 11 11 11 10 10 12 12 14 13 15 15 15 14 14 13 13 14 13 13 12 11 11 11 11 11 12 11 11 9 8 8 -999 -999 -999 -999 -999 -999 -999 -999 -999 -999 -999 -999 -999 -999 -999 -999 -999 -999 -999 -999 -999 -999 -999 -999 -999 -999 -999 -999 -999 -999 -999 -999 -999 -999 -999
18 18 18 18 16 16 17 16 16 15 16 16 15 15 14 15 13 13 14 13 14 15 14 13 14 13 14 12 12 10 10 10 11 10 10 11 12 12 12 13 14 14 15 14 14 14 13 13 12 12 12 12 12 11 11 11 10 8 8 8 -999 -999 -999 -999 -999 -999 -999 -999 -999 -999 -999 -999 -999 -999 -999 -999 -999 -999 -999 -999 -999 -999 -999 -999 -999 -999 -999 -999 -999 -999 -999 -999 -999 -999 -999 -999
17 18 18 18 17 18 16 16 15 16 14 15 14 14 13 14 14 14 14 13 14 14 13 14 13 14 13 12 12 11 10 9 9 9 10 11 11 11 12 11 12 13 14 15 15 14 13 13 13 12 12 12 12 11 12 9 10 9 9 -999 -999 -999 -999 -999 -999 -999 -999 -999 -999 -999 -999 -999 -999 -999 -999 -999 -999 -999 -999 -999 -999 -999 -999 -999 -999 -999 -999 -999 -999 -999 -999 -999 -999 -999 -999 -999
18 17 18 17 18 18 16 15 15 15 15 15 15 14 14 14 13 13 15 13 15 14 12 13 12 13 13 11 10 10 10 9 9 10 10 11 11 12 12 11 11 11 13 14 15 15 14 13 13 12 12 13 13 12 10 9 9 8 8 -999 -999 -999 -999 -999 -999 -999 -999 -999 -999 -999 -999 -999 -999 -999 -999 -999 -999 -999 -999 -999 -999 -999 -999 -999 -999 -999 -999 -999 -999 -999 -999 -999 -999 -999 -999 -999
18 18 17 17 17 17 15 15 15 15 16 15 14 14 14 13 14 14 14 14 14 13 13 12 13 12 14 12 11 10 9 9 9 9 10 11 11 11 11 11 11 10 12 13 13 14 15 14 14 13 12 11 11 11 10 10 9 9 8 -999 -999 -999 -999 -999 -999 -999 -999 -999 -999 -999 -999 -999 -999 -999 -999 -999 -999 -999 -999 -999 -999 -999 -999 -999 -999 -999 -999 -999 -999 -999 -999 -999 -999 -999 -999 -999
18 18 17 17 17 17 16 15 15 16 16 16 13 13 13 13 13 13 12 13 13 12 12 12 11 12 13 11 11 10 9 9 9 10 9 10 11 11 12 10 11 10 11 11 13 14 13 13 13 13 13 11 10 9 10 8 9 9 -999 -999 -999 -999 -999 -999 -999 -999 -999 -999 -999 -999 -999 -999 -999 -999 -999 -999 -999 -999 -999 -999 -999 -999 -999 -999 -999 -999 -999 -999 -999 -999 -999 -999 -999 -999 -999 -999
17 17 17 17 16 15 15 15 15 16 16 15 14 13 13 13 13 12 12 13 12 12 11 11 11 12 13 12 10 10 9 9 9 9 8 10 10 11 10 12 10 10 11 10 11 11 11 10 12 -999 -999 10 11 9 9 7 8 -999 -999 -999 -999 -999 -999 -999 -999 -999 -999 -999 -999 -999 -999 -999 -999 -999 -999 -999 -999 -999 -999 -999 -999 -999 -999 -999 -999 -999 -999 -999 -999 -999 -999 -999 -999 -999 -999 -999
17 17 16 17 16 16 16 15 15 16 15 14 13 13 12 13 13 13 13 12 11 11 11 10 11 11 12 11 11 10 10 9 8 8 9 9 10 11 9 11 9 9 9 9 10 10 10 10 12 -999 -999 12 10 10 9 8 -999 -999 -999 -999 -999 -999 -999 -999 -999 -999 -999 -999 -999 -999 -999 -999 -999 -999 -999 -999 -999 -999 -999 -999 -999 -999 -999 -999 -999 -999 -999 -999 -999 -999 -999 -999 -999 -999 -999 -999
17 17 16 17 16 16 16 15 16 15 15 14 13 13 12 12 13 12 13 12 11 11 11 11 12 11 13 11 11 11 10 9 8 8 9 10 10 8 10 11 9 9 9 10 10 10 11 11 -999 -999 -999 -999 11 10 8 9 -999 -999 -999 -999 -999 -999 -999 -999 -999 -999 -999 -999 -999 -999 -999 -999 -999 -999 -999 -999 -999 -999 -999 -999 -999 -999 -999 -999 -999 -999 -999 -999 -999 -999 -999 -999 -999 -999 -999 -999
