data/grids_germany_annual_hot_days_2003.asc
NCOLS 654
NROWS 866
XLLCORNER 3280414.711633467
YLLCORNER 5237500.62890625
CELLSIZE 1000
NODATA_VALUE -999
[rows 756 to 809 of 866, columns 96 to 191 of 654]
-999 -999 -999 -999 -999 -999 -999 -999 -999 -999 -999 -999 -999 -999 -999 -999 -999 -999 -999 -999 -999 -999 -999 -999 -999 39 39 38 38 38 38 37 37 37 35 35 35 34 33 30 30 28 27 27 27 29 29 26 26 25 28 25 26 29 29 26 28 29 29 28 26 29 25 28 30 30 27 28 25 25 24 23 23 21 25 26 27 25 23 22 22 23 23 22 23 23 22 22 23 23 23 24 24 24 26 25
-999 -999 -999 -999 -999 -999 -999 -999 -999 -999 -999 -999 -999 -999 -999 -999 -999 -999 -999 -999 -999 -999 -999 -999 -999 39 39 39 39 38 38 37 37 37 35 34 35 35 33 32 30 29 28 28 26 28 28 27 26 25 26 24 26 28 27 26 27 29 28 27 27 26 25 28 30 29 26 25 26 24 23 23 23 23 27 23 26 25 22 22 22 22 23 23 23 23 22 22 22 23 23 23 25 24 24 24
-999 -999 -999 -999 -999 -999 -999 -999 -999 -999 -999 -999 -999 -999 -999 -999 -999 -999 -999 -999 -999 -999 -999 -999 -999 40 40 39 39 39 38 38 37 35 35 35 34 33 31 28 30 28 28 27 25 28 26 25 24 23 23 23 25 25 27 26 26 29 27 26 27 26 25 27 28 28 26 23 23 22 23 22 22 22 22 21 23 24 22 22 22 22 22 22 23 23 22 22 22 23 23 23 23 23 25 25
-999 -999 -999 -999 -999 -999 -999 -999 -999 -999 -999 -999 -999 -999 -999 -999 -999 -999 -999 -999 -999 -999 -999 -999 -999 41 40 40 40 40 39 38 38 35 35 34 33 33 30 27 27 28 28 25 24 24 24 23 23 21 23 24 26 24 25 25 25 25 26 25 24 25 23 26 27 28 24 23 22 24 22 22 22 23 24 23 21 26 25 22 21 21 22 22 23 23 23 22 22 22 23 23 23 25 25 23
-999 -999 -999 -999 -999 -999 -999 -999 -999 -999 -999 -999 -999 -999 -999 -999 -999 -999 -999 -999 -999 -999 -999 -999 41 41 41 40 40 40 39 38 38 36 35 33 33 32 29 28 27 26 25 24 24 24 24 24 22 23 23 25 24 24 24 25 26 26 24 25 24 22 24 26 24 26 25 25 26 21 22 22 22 23 22 23 24 24 23 21 21 21 21 21 22 22 22 21 21 21 23 23 22 25 23 23
-999 -999 -999 -999 -999 -999 -999 -999 -999 -999 -999 -999 -999 -999 -999 -999 -999 -999 -999 -999 -999 -999 -999 41 41 41 41 41 40 40 39 38 38 37 36 34 34 32 31 30 30 29 25 24 23 23 23 23 21 21 23 24 25 25 25 26 25 23 23 25 25 22 23 22 23 25 26 25 22 23 21 20 20 20 20 20 22 24 25 22 21 22 22 21 22 22 21 21 21 21 22 22 23 23 24 23
-999 -999 -999 -999 -999 -999 -999 -999 -999 -999 -999 -999 -999 -999 -999 -999 -999 -999 -999 -999 -999 -999 42 42 42 41 41 41 41 40 39 39 38 36 35 33 32 30 29 27 28 27 27 24 21 21 23 21 23 24 24 24 25 24 25 25 23 25 25 23 23 24 22 21 22 22 26 22 24 21 22 21 20 21 21 21 20 25 22 22 21 21 21 22 22 22 22 21 21 21 21 22 22 22 22 23
-999 -999 -999 -999 -999 -999 -999 -999 -999 -999 -999 -999 -999 -999 -999 -999 -999 -999 -999 -999 -999 -999 42 42 42 42 42 42 41 41 40 39 38 36 35 33 31 30 29 27 29 27 26 24 22 22 21 21 23 24 25 25 26 24 24 26 26 25 21 19 21 21 18 18 20 24 25 22 23 19 19 20 19 19 20 21 19 22 21 22 21 21 21 22 22 22 22 22 22 22 21 21 22 22 23 23
-999 -999 -999 -999 -999 -999 -999 -999 -999 -999 -999 -999 -999 -999 -999 -999 -999 -999 -999 -999 -999 42 42 42 42 42 42 42 42 41 40 39 37 37 35 33 31 30 29 28 27 28 26 25 22 22 22 21 22 23 24 24 25 24 25 26 25 24 21 17 21 21 18 19 21 23 24 20 20 21 19 19 19 19 21 20 22 21 21 21 21 21 22 22 22 22 22 22 23 21 21 21 22 22 22 24
-999 -999 -999 -999 -999 -999 -999 -999 -999 -999 -999 -999 -999 -999 -999 -999 -999 -999 -999 -999 -999 42 42 42 42 42 42 42 41 41 40 39 37 37 34 32 31 30 29 28 27 28 26 23 23 21 21 21 24 23 24 25 24 25 26 26 25 22 17 19 21 20 18 18 20 21 24 19 19 19 18 18 20 20 21 20 21 20 20 21 21 21 21 22 22 22 22 22 22 22 22 21 22 22 22 23
-999 -999 -999 -999 -999 -999 -999 -999 -999 -999 -999 -999 -999 -999 -999 -999 -999 -999 -999 -999 43 43 42 42 42 42 42 42 42 41 40 39 39 37 35 33 33 30 29 29 28 27 26 26 24 25 22 23 24 25 25 24 25 27 26 24 23 20 19 18 18 17 17 17 20 21 23 18 20 19 18 19 19 21 19 20 19 19 19 20 20 20 21 22 22 22 22 22 23 22 22 22 21 22 22 22
-999 -999 -999 -999 -999 -999 -999 -999 -999 -999 -999 -999 -999 -999 -999 -999 -999 -999 -999 44 44 43 43 43 43 42 42 42 42 42 40 40 39 37 36 34 34 31 30 29 29 28 28 28 27 23 23 25 24 24 25 27 25 26 24 24 23 22 20 16 18 16 15 16 17 18 21 19 20 18 18 20 18 20 19 19 19 19 20 20 20 20 20 21 21 21 21 22 21 22 21 21 21 21 23 23
-999 -999 -999 -999 -999 -999 -999 -999 -999 -999 -999 -999 -999 -999 -999 -999 -999 -999 -999 44 43 44 43 43 43 43 42 42 42 41 40 40 39 39 36 34 34 34 30 30 30 30 28 27 25 26 25 26 24 25 25 27 26 25 21 22 24 21 20 14 16 16 16 15 16 16 18 19 19 19 17 18 18 19 17 18 19 19 20 20 20 20 21 21 21 21 21 21 21 21 21 21 21 22 22 23
-999 -999 -999 -999 -999 -999 -999 -999 -999 -999 -999 -999 -999 -999 -999 -999 -999 -999 -999 44 44 44 44 43 42 42 42 41 41 41 41 40 39 39 37 35 34 34 31 31 30 30 30 27 27 25 26 26 26 26 27 25 25 24 19 21 22 20 17 15 15 16 15 15 16 15 18 18 18 18 17 17 17 17 18 18 18 18 18 20 20 20 20 20 21 21 22 21 21 21 22 21 21 22 22 22
-999 -999 -999 -999 -999 -999 -999 -999 -999 -999 -999 -999 -999 -999 -999 -999 -999 -999 45 45 44 44 43 42 42 42 42 42 42 41 41 41 40 39 38 37 35 34 32 32 31 32 30 27 26 26 26 26 27 27 25 22 20 22 21 18 15 17 13 13 15 13 13 13 13 16 19 18 19 19 17 18 18 18 18 18 18 18 18 19 19 19 19 20 20 21 21 21 22 22 21 21 22 22 22 22
-999 -999 -999 -999 -999 -999 -999 -999 -999 -999 -999 -999 -999 -999 -999 -999 -999 -999 45 45 45 45 44 43 43 42 42 41 43 42 42 41 41 40 39 36 36 35 34 33 33 32 31 28 27 28 27 24 27 26 26 24 22 19 18 18 17 15 13 12 13 12 12 12 11 12 15 15 17 17 16 16 17 17 18 17 17 18 18 19 18 19 19 20 20 20 20 20 20 20 20 20 21 21 22 22
-999 -999 -999 -999 -999 -999 -999 -999 -999 -999 -999 -999 -999 -999 -999 -999 -999 -999 46 45 45 44 44 42 42 42 42 42 43 42 42 41 41 41 38 36 36 36 34 34 34 32 32 28 28 29 26 27 26 25 24 26 22 22 21 19 15 13 12 10 12 12 11 10 10 11 13 14 16 16 15 16 17 17 16 17 17 17 18 18 18 18 20 20 20 20 20 20 20 20 20 20 21 20 22 22
-999 -999 -999 -999 -999 -999 -999 -999 -999 -999 -999 -999 -999 -999 -999 -999 -999 -999 46 46 45 45 43 45 44 42 41 42 43 43 42 41 40 40 38 36 36 36 35 34 33 32 32 29 28 27 28 27 26 25 21 24 26 24 22 16 18 17 16 11 11 11 10 8 10 11 12 13 15 14 15 16 16 17 17 17 17 18 18 18 18 18 18 19 19 19 20 19 19 20 20 20 20 21 21 21
-999 -999 -999 -999 -999 -999 -999 -999 -999 -999 -999 -999 -999 -999 -999 -999 -999 46 47 47 46 45 46 44 45 44 41 43 43 43 43 42 40 40 38 37 36 35 35 34 33 33 31 30 28 30 28 27 25 24 21 20 22 23 22 20 20 20 16 12 11 10 10 8 9 12 12 13 13 14 15 15 16 16 16 16 17 17 18 18 18 18 18 19 19 19 19 18 18 19 20 21 21 21 20 20
-999 -999 -999 -999 -999 -999 -999 -999 -999 -999 -999 -999 -999 -999 -999 -999 -999 47 47 48 47 47 45 45 43 43 44 43 44 44 43 42 40 40 38 37 36 36 35 34 34 33 32 31 31 29 28 26 23 21 21 17 20 21 23 23 20 18 18 13 11 11 11 8 10 11 12 13 13 14 15 15 15 16 17 17 17 17 17 18 18 18 18 18 18 18 18 18 18 18 19 20 21 20 20 20
-999 -999 -999 -999 -999 -999 -999 -999 -999 -999 -999 -999 -999 -999 -999 -999 -999 47 48 48 46 46 46 45 45 46 46 45 46 45 43 42 40 40 38 36 36 36 35 34 34 32 32 31 29 27 25 24 23 17 19 15 20 17 18 20 22 19 19 13 11 11 11 9 10 11 12 14 14 13 14 14 15 15 15 17 16 17 17 17 17 17 18 17 17 17 18 18 18 19 19 20 20 20 20 20
-999 -999 -999 -999 -999 -999 -999 -999 -999 -999 -999 -999 -999 -999 -999 -999 -999 47 48 48 48 47 47 45 46 46 45 46 44 45 44 42 41 40 38 37 36 36 35 34 34 33 32 30 28 25 24 23 20 18 14 15 18 18 15 20 22 18 16 15 13 11 13 12 12 12 11 13 14 14 14 15 15 15 15 17 17 16 17 17 17 17 18 18 17 17 18 18 19 19 19 19 20 20 19 20
-999 -999 -999 -999 -999 -999 -999 -999 -999 -999 -999 -999 -999 -999 -999 -999 -999 48 48 49 49 50 48 47 48 46 47 47 46 44 43 42 41 40 38 37 36 35 34 34 33 33 32 30 28 25 25 23 19 16 15 15 15 16 16 19 23 19 16 15 14 12 13 12 13 13 13 15 15 15 15 16 15 16 15 16 16 16 16 17 17 17 18 18 18 17 18 18 19 19 19 19 19 20 19 19
-999 -999 -999 -999 -999 -999 -999 -999 -999 -999 -999 -999 -999 -999 -999 -999 -999 48 49 50 50 51 50 48 48 49 48 47 46 45 43 42 41 40 38 36 35 35 34 33 33 33 30 30 29 29 27 25 22 19 17 17 16 17 16 18 22 21 15 15 15 14 13 14 15 14 14 15 15 15 16 17 15 15 15 15 16 16 16 17 17 18 18 18 17 17 17 19 19 19 19 19 19 18 19 19
-999 -999 -999 -999 -999 -999 -999 -999 -999 -999 -999 -999 -999 -999 -999 -999 -999 47 49 50 51 51 49 49 49 49 48 46 46 46 44 42 41 41 38 36 35 35 34 33 32 32 30 30 27 28 26 25 22 21 19 19 18 16 16 16 20 21 18 16 16 14 15 15 15 15 16 16 17 17 17 17 17 16 16 15 16 16 17 17 17 17 17 18 17 17 17 19 19 18 19 18 18 19 19 19
-999 -999 -999 -999 -999 -999 -999 -999 -999 -999 -999 -999 -999 -999 -999 -999 -999 48 48 50 50 49 49 50 48 48 47 47 46 46 44 42 41 41 39 36 35 35 34 33 32 32 30 29 27 24 25 22 24 22 20 18 17 17 16 16 16 21 16 16 16 15 15 15 15 13 14 14 15 16 15 17 16 17 16 15 16 16 17 17 17 18 18 18 18 17 18 19 19 19 18 18 18 18 19 19
-999 -999 -999 -999 -999 -999 -999 -999 -999 -999 -999 -999 -999 -999 -999 -999 -999 -999 48 49 49 49 49 49 49 49 49 48 48 47 45 43 42 41 39 37 36 35 34 32 30 30 29 28 26 21 21 21 20 19 22 19 19 19 17 16 16 19 19 16 16 16 13 13 14 14 15 15 16 16 15 15 18 16 16 15 16 16 17 17 17 18 18 18 18 17 18 19 19 19 18 18 18 18 19 19
-999 -999 -999 -999 -999 -999 -999 -999 -999 -999 -999 -999 -999 -999 -999 -999 -999 -999 -999 48 48 48 49 49 49 50 49 49 49 48 46 44 43 42 39 37 36 36 34 31 30 26 26 24 25 23 24 24 23 22 21 20 19 20 18 17 17 18 20 17 18 17 16 15 13 13 13 14 14 14 16 17 17 16 15 15 16 16 17 17 17 17 17 18 17 17 18 19 19 19 18 18 19 18 19 18
-999 -999 -999 -999 -999 -999 -999 -999 -999 -999 -999 -999 -999 -999 -999 -999 -999 -999 -999 -999 47 48 49 49 48 50 50 50 49 49 47 44 43 43 39 37 36 36 34 31 30 30 28 26 26 25 24 25 23 21 20 21 20 20 20 18 17 18 17 18 16 15 14 14 14 14 15 16 16 16 17 16 16 17 15 16 16 16 17 17 17 18 18 18 17 17 19 19 19 19 18 18 19 18 18 18
-999 -999 -999 -999 -999 -999 -999 -999 -999 -999 -999 -999 -999 -999 -999 -999 -999 -999 -999 -999 48 48 49 50 50 50 51 51 50 50 48 45 44 43 40 37 35 35 32 31 31 29 29 27 25 26 25 24 21 22 24 21 21 22 18 19 18 16 18 17 16 14 14 13 13 13 14 13 15 14 15 17 17 18 17 16 16 16 17 17 17 17 17 18 17 17 18 19 19 19 18 18 19 19 19 19
-999 -999 -999 -999 -999 -999 -999 -999 -999 -999 -999 -999 -999 -999 -999 -999 -999 -999 -999 -999 47 48 49 50 51 52 52 53 53 51 48 46 44 43 40 37 35 34 33 31 31 30 30 28 27 27 26 25 24 24 21 21 22 20 21 17 17 16 16 15 15 15 15 13 13 13 14 14 15 14 14 17 16 16 16 17 17 17 17 17 18 17 18 18 18 18 18 19 19 18 18 19 19 19 19 19
-999 -999 -999 -999 -999 -999 -999 -999 -999 -999 -999 -999 -999 -999 -999 -999 -999 -999 -999 -999 46 47 49 51 52 52 55 57 56 54 50 46 44 43 39 36 34 34 30 29 28 30 28 28 27 26 26 25 25 24 22 22 20 19 17 17 16 16 15 15 15 16 13 12 13 14 14 14 14 15 15 16 15 16 16 16 16 17 17 18 19 17 17 18 18 17 18 19 19 19 18 19 19 19 19 19
-999 -999 -999 -999 -999 -999 -999 -999 -999 -999 -999 -999 -999 -999 -999 -999 -999 -999 -999 -999 46 46 49 51 52 53 57 60 58 56 50 45 44 41 37 35 33 33 31 28 27 27 27 27 26 26 26 26 25 24 22 21 20 21 19 19 16 15 14 16 15 13 15 14 13 13 13 13 14 15 15 15 15 16 16 15 16 16 18 19 19 19 17 17 18 18 18 18 18 19 18 19 19 19 19 20
-999 -999 -999 -999 -999 -999 -999 -999 -999 -999 -999 -999 -999 -999 -999 -999 -999 -999 -999 -999 46 46 48 50 51 52 54 57 56 54 49 46 43 41 35 34 34 30 29 27 25 28 26 26 25 26 25 24 25 24 23 19 20 16 17 17 15 14 15 14 15 14 14 15 13 13 13 15 15 15 15 15 15 15 16 16 16 17 18 18 19 19 18 17 18 18 18 18 18 19 19 19 19 19 19 20
-999 -999 -999 -999 -999 -999 -999 -999 -999 -999 -999 -999 -999 -999 -999 -999 -999 -999 -999 45 45 46 47 48 49 50 51 52 51 50 45 43 40 37 34 32 31 29 28 25 25 23 26 23 26 25 23 21 22 20 18 19 16 17 14 13 13 13 14 14 15 16 14 16 14 15 14 14 15 15 15 15 16 16 16 16 17 17 18 18 19 19 15 18 17 18 18 18 18 19 19 19 19 19 19 20
-999 -999 -999 -999 -999 -999 -999 -999 -999 -999 -999 -999 -999 -999 -999 -999 -999 -999 43 44 44 44 46 46 46 47 48 48 47 46 44 40 36 36 33 30 27 28 26 26 23 24 21 20 23 24 23 21 21 21 20 14 14 13 13 13 14 12 13 13 14 16 13 15 16 14 15 15 15 16 16 16 17 17 16 17 17 18 18 18 19 19 18 18 18 18 18 18 18 19 19 19 19 19 20 20
-999 -999 -999 -999 -999 -999 -999 -999 -999 -999 -999 -999 -999 -999 -999 -999 -999 -999 43 43 43 43 44 45 44 45 46 46 45 44 42 37 36 35 32 28 27 26 25 24 21 20 18 21 23 23 22 18 18 18 17 17 13 14 14 14 15 14 13 12 14 15 16 16 14 14 15 15 15 16 16 16 17 17 17 17 17 18 18 19 19 19 19 19 19 18 18 18 18 19 19 19 19 19 20 20
-999 -999 -999 -999 -999 -999 -999 -999 -999 -999 -999 -999 -999 -999 -999 -999 -999 -999 42 43 43 43 43 44 44 45 45 45 45 44 40 38 36 35 30 25 24 22 24 21 18 19 16 20 21 20 19 19 17 14 15 18 17 14 15 15 14 14 12 12 13 13 16 15 14 16 15 15 16 16 16 16 17 17 17 18 18 18 18 18 18 18 19 19 19 19 19 19 19 19 19 19 19 20 19 19
-999 -999 -999 -999 -999 -999 -999 -999 -999 -999 -999 -999 -999 -999 -999 -999 -999 -999 42 42 43 43 43 43 43 43 43 43 43 42 39 36 34 31 29 27 24 23 20 20 18 15 15 18 17 15 15 15 17 13 12 11 12 14 17 14 14 14 14 13 14 15 16 16 16 15 16 16 16 16 16 17 17 17 17 18 18 18 18 18 18 18 18 18 19 19 19 19 19 19 19 19 19 20 20 20
-999 -999 -999 -999 -999 -999 -999 -999 -999 -999 -999 -999 -999 -999 -999 -999 -999 -999 41 42 42 42 42 43 42 42 42 41 40 39 36 33 32 29 25 24 22 22 19 17 16 17 17 18 14 11 10 10 10 15 11 10 12 12 15 14 15 14 13 14 14 14 13 15 16 18 17 16 18 17 18 17 17 17 17 17 17 18 18 17 17 18 18 18 19 19 19 19 19 19 19 20 20 20 20 20
-999 -999 -999 -999 -999 -999 -999 -999 -999 -999 -999 -999 -999 -999 -999 -999 -999 -999 41 42 42 42 42 43 42 42 41 40 39 38 35 31 30 29 26 21 21 18 18 17 16 16 17 15 17 15 11 7 8 11 9 9 11 12 10 12 14 14 12 13 13 12 11 12 14 17 17 16 17 18 17 17 17 18 17 17 17 17 18 18 17 18 18 18 19 19 19 19 19 19 19 20 20 17 19 17
-999 -999 -999 -999 -999 -999 -999 -999 -999 -999 -999 -999 -999 -999 -999 -999 -999 41 41 42 42 42 42 43 42 42 41 39 38 37 34 30 28 26 24 20 19 22 19 17 15 16 15 13 12 14 13 8 4 8 9 10 12 12 12 13 13 14 14 14 11 14 15 14 14 14 16 17 16 17 17 17 17 17 17 17 18 18 18 19 19 18 18 18 18 19 18 18 19 18 18 18 17 17 18 19
-999 -999 -999 -999 -999 -999 -999 -999 -999 -999 -999 -999 -999 -999 -999 -999 -999 40 40 41 41 41 41 42 42 41 39 37 37 35 29 26 25 24 23 23 23 21 19 16 14 14 13 12 10 10 10 8 1 4 6 10 11 12 12 13 14 16 13 13 15 15 16 17 16 16 15 18 16 17 17 17 17 17 18 17 17 18 18 19 20 20 20 19 19 19 20 19 19 18 19 19 17 17 18 19
-999 -999 -999 -999 -999 -999 -999 -999 -999 -999 -999 -999 -999 -999 -999 -999 -999 39 39 40 40 40 40 40 40 39 37 36 35 35 30 28 27 25 26 23 18 21 18 15 14 14 14 12 11 9 6 6 3 3 5 10 11 13 14 13 13 12 14 14 14 14 16 18 17 17 17 17 17 16 17 17 17 17 17 17 17 19 19 19 20 20 19 19 20 19 20 19 19 19 19 17 18 18 19 20
-999 -999 -999 -999 -999 -999 -999 -999 -999 -999 -999 -999 -999 -999 -999 -999 -999 39 39 39 40 39 40 39 39 38 37 34 32 31 30 29 28 28 25 21 17 20 16 15 16 14 15 13 12 11 7 6 8 8 6 8 10 11 11 11 14 14 14 13 14 16 17 17 18 18 19 18 17 18 17 16 16 17 17 18 18 19 19 20 20 20 19 20 19 19 20 19 19 19 19 20 18 19 20 20
-999 -999 -999 -999 -999 -999 -999 -999 -999 -999 -999 -999 -999 -999 -999 -999 -999 38 38 39 39 39 38 37 38 37 34 31 30 30 28 27 27 26 22 21 19 18 18 16 17 16 15 12 14 11 13 8 11 8 7 10 11 11 10 11 13 14 14 14 14 15 14 15 18 17 18 17 17 18 19 17 18 18 18 18 19 20 20 20 20 21 20 20 19 19 21 19 19 20 19 21 19 21 21 20
-999 -999 -999 -999 -999 -999 -999 -999 -999 -999 -999 -999 -999 -999 -999 -999 -999 37 37 37 37 37 36 36 34 34 32 31 28 25 26 25 23 26 24 21 18 16 15 19 19 15 15 17 14 12 14 13 9 8 8 11 11 14 10 12 13 13 14 13 14 14 14 15 15 17 17 17 17 17 18 18 18 20 17 18 18 20 21 20 20 22 22 22 21 21 22 19 20 20 21 21 21 20 21 20
-999 -999 -999 -999 -999 -999 -999 -999 -999 -999 -999 -999 -999 -999 -999 -999 36 36 35 35 34 33 34 32 31 30 27 26 27 24 21 23 23 25 20 22 19 15 14 16 19 18 14 17 17 18 17 13 10 9 9 11 12 15 12 11 14 15 16 14 13 15 16 15 15 15 16 17 17 17 17 17 17 17 18 18 20 20 20 20 20 21 21 23 23 24 24 22 22 22 22 21 21 21 22 21
-999 -999 -999 -999 -999 -999 -999 -999 -999 -999 -999 -999 -999 -999 -999 -999 35 35 35 34 33 32 32 30 29 27 25 25 23 23 24 22 21 23 20 15 14 16 16 21 19 17 15 17 19 14 14 12 12 13 13 9 12 13 12 12 12 14 16 16 14 17 16 16 15 15 16 16 16 16 16 17 16 16 17 17 17 18 18 20 20 20 20 21 21 22 24 21 21 22 21 21 21 20 21 21
-999 -999 -999 -999 -999 -999 -999 -999 -999 -999 -999 -999 -999 -999 -999 -999 35 35 34 33 32 32 29 28 29 26 25 22 22 22 20 21 23 20 18 17 16 18 16 18 19 22 18 18 19 15 14 11 14 12 14 12 11 15 14 11 12 12 14 16 16 17 17 16 15 15 16 18 17 17 16 16 16 16 17 17 18 18 18 19 20 20 21 22 22 22 23 23 23 23 22 21 20 21 21 21
-999 -999 -999 -999 -999 -999 -999 -999 -999 -999 -999 -999 -999 -999 -999 34 34 34 33 31 31 30 29 28 26 25 24 21 18 18 17 17 18 19 18 20 23 19 18 19 21 21 19 21 18 19 14 13 13 14 15 15 13 13 16 12 12 13 13 14 15 17 17 16 16 15 16 16 17 17 19 18 18 17 18 18 18 18 20 20 21 21 22 23 24 23 24 24 24 24 22 20 20 21 21 22
-999 -999 -999 -999 -999 -999 -999 -999 -999 -999 -999 -999 -999 -999 34 34 33 33 32 29 29 29 28 24 22 21 20 15 14 13 16 15 15 17 19 20 20 20 20 21 21 23 21 18 18 18 14 17 12 13 13 16 16 16 17 13 15 13 13 13 13 16 17 17 16 16 16 16 17 17 17 17 18 19 19 19 21 20 20 21 21 21 23 23 24 24 24 24 24 23 22 23 22 22 22 23
-999 -999 -999 -999 -999 -999 -999 -999 -999 -999 -999 -999 -999 -999 34 33 33 33 30 29 28 27 26 23 20 16 15 13 10 12 15 15 14 16 20 22 19 21 21 22 24 22 19 18 16 18 17 14 13 14 15 15 16 17 17 17 16 15 13 14 14 15 17 15 15 17 17 17 17 17 18 18 19 19 19 20 21 21 23 21 23 24 24 23 24 25 24 25 23 23 21 21 -999 -999 -999 23
-999 -999 -999 -999 -999 -999 -999 -999 -999 -999 -999 -999 -999 -999 34 33 33 33 30 28 27 27 24 22 21 18 15 16 15 14 16 17 17 17 21 21 19 20 23 22 24 21 21 17 14 17 19 17 15 15 14 15 15 15 17 18 17 14 13 14 14 15 18 16 15 17 17 17 17 19 19 18 19 19 20 19 20 20 23 24 24 24 23 25 24 25 24 24 24 23 21 21 -999 -999 -999 23
