data/grids_germany_annual_hot_days_2003.asc
NCOLS 654
NROWS 866
XLLCORNER 3280414.711633467
YLLCORNER 5237500.62890625
CELLSIZE 1000
NODATA_VALUE -999
[rows 648 to 701 of 866, columns 96 to 191 of 654]
24 24 24 26 25 26 25 26 26 26 26 25 26 25 26 26 26 26 27 27 27 27 26 27 27 27 27 27 28 27 28 27 29 28 27 26 28 28 26 26 28 28 30 30 30 27 29 29 28 29 30 30 29 30 29 30 31 31 31 31 32 32 33 34 34 34 34 35 34 35 35 36 36 36 37 38 38 39 40 40 40 40 41 41 41 40 40 41 41 41 41 40 40 40 39 37
24 24 26 25 26 25 25 25 26 25 26 26 26 25 27 27 27 27 27 28 28 26 26 26 28 28 26 27 28 28 29 29 28 29 29 30 27 26 27 27 28 28 29 29 29 30 28 27 29 31 31 31 31 31 31 31 31 31 31 32 32 33 33 34 34 34 35 35 35 35 36 36 36 36 37 38 38 39 40 40 40 40 41 41 41 40 40 41 41 41 40 40 40 39 38 38
24 25 25 25 25 25 25 26 26 27 26 26 25 26 26 27 26 26 27 27 28 27 27 27 27 27 27 27 29 27 29 29 29 28 29 30 29 28 29 29 30 30 31 28 28 30 30 28 30 31 31 30 30 31 32 32 32 31 33 33 33 33 34 34 35 35 35 36 36 36 36 37 37 37 38 38 39 39 40 40 40 41 41 41 41 40 40 40 40 40 40 40 39 39 38 37
24 24 25 26 25 25 26 26 26 26 26 25 25 27 26 27 26 26 27 27 27 27 26 27 27 27 26 29 29 28 29 29 30 29 28 28 29 30 30 30 30 29 30 30 30 28 30 30 32 30 29 29 31 32 31 32 32 33 33 33 34 34 34 35 36 36 36 36 37 37 37 37 38 38 38 39 39 40 40 41 41 41 41 41 40 40 40 40 40 40 40 39 39 39 38 37
24 24 25 25 24 26 27 27 26 26 26 26 25 26 26 27 27 26 27 26 26 27 27 27 27 27 29 29 29 29 29 28 30 28 29 29 30 30 29 31 30 30 28 30 30 30 31 31 31 28 27 30 31 31 32 32 32 33 33 34 33 34 35 36 36 36 36 37 37 37 37 38 38 38 39 39 41 40 41 41 41 41 41 41 41 40 40 40 40 40 39 39 39 39 38 37
25 25 25 25 26 25 26 -999 -999 26 25 26 26 26 26 26 27 28 27 27 28 27 26 27 27 27 28 28 28 28 29 29 30 29 29 30 30 28 30 29 29 30 31 29 30 30 30 31 28 29 31 31 31 32 32 32 32 32 34 34 34 34 35 36 36 36 37 37 37 37 38 38 38 38 40 40 40 41 41 41 41 41 41 41 41 41 40 40 40 40 39 39 39 38 38 37
25 25 25 25 -999 -999 -999 -999 -999 26 28 26 26 26 26 26 27 27 28 28 26 27 26 27 29 28 28 27 28 28 29 30 30 29 30 30 27 29 29 29 30 30 31 29 30 31 31 32 31 31 30 30 33 33 33 33 33 34 34 34 35 35 36 36 37 37 37 38 38 38 38 39 39 39 40 41 41 41 41 41 41 41 41 41 41 41 40 40 40 40 39 39 38 38 37 37
25 24 24 26 -999 -999 -999 -999 -999 -999 -999 -999 -999 26 26 27 28 27 26 27 27 27 28 28 28 28 29 29 30 30 28 30 31 31 29 30 29 30 29 29 31 31 29 31 31 31 31 31 33 33 33 32 33 33 33 33 34 34 34 36 36 36 37 37 38 38 38 39 39 39 39 39 39 40 40 41 41 41 41 41 41 41 41 41 41 41 40 40 40 39 39 38 38 38 37 36
25 25 25 26 -999 -999 -999 -999 -999 -999 -999 -999 -999 26 26 28 26 26 26 27 27 28 28 29 29 29 28 29 29 29 29 31 30 30 30 31 30 30 30 31 29 30 30 30 31 29 31 31 32 31 30 33 33 33 33 34 34 34 34 36 36 36 37 38 38 38 38 39 39 39 39 40 40 40 41 41 41 41 41 41 41 41 41 41 41 41 40 40 40 39 39 38 38 38 37 36
-999 -999 -999 -999 -999 -999 -999 -999 -999 -999 -999 -999 -999 26 28 28 27 28 28 27 27 28 28 29 28 28 27 29 28 28 30 30 31 30 31 30 30 30 31 30 30 32 31 31 31 32 32 33 33 33 30 32 33 33 35 35 34 35 34 36 36 36 37 38 38 38 39 39 39 39 39 40 40 40 41 41 41 41 41 41 41 41 41 40 40 40 40 40 40 39 39 38 38 38 37 36
-999 -999 -999 -999 -999 -999 -999 -999 -999 -999 -999 -999 -999 -999 27 28 28 26 26 27 27 28 29 28 28 27 29 29 29 28 29 31 30 30 31 31 32 31 30 31 31 31 31 30 30 31 31 31 32 33 33 32 34 34 35 35 35 35 36 36 36 37 37 38 38 39 39 39 39 39 40 40 40 40 41 42 42 42 42 42 42 41 40 40 40 40 40 40 40 39 39 38 38 38 37 36
-999 -999 -999 -999 -999 -999 -999 -999 -999 -999 -999 -999 -999 -999 26 26 27 28 27 29 28 28 28 27 28 27 28 27 29 28 29 29 27 31 30 31 32 32 31 31 31 32 31 30 31 30 32 32 32 30 33 34 34 34 34 34 35 35 36 36 37 37 38 38 39 39 39 39 40 40 40 40 40 40 42 42 42 42 42 42 41 41 40 40 40 40 40 40 40 39 39 38 38 38 37 35
-999 -999 -999 -999 -999 -999 -999 -999 -999 -999 -999 -999 -999 -999 -999 -999 28 28 29 29 28 28 27 28 28 29 29 29 28 29 29 30 28 30 30 32 32 32 30 31 32 30 30 32 31 31 31 33 31 32 32 34 34 35 35 34 35 35 36 37 37 37 38 39 39 39 39 40 40 40 40 40 40 41 42 42 43 43 42 42 41 41 40 40 40 40 40 40 40 40 39 38 38 38 37 35
-999 -999 -999 -999 -999 -999 -999 -999 -999 -999 -999 -999 -999 -999 -999 -999 27 28 29 29 29 28 28 29 28 29 30 28 30 29 30 30 29 29 31 32 32 31 31 31 31 31 32 30 31 31 32 33 32 32 33 34 34 34 35 35 35 35 36 37 37 37 38 39 39 39 39 40 40 40 40 40 41 42 42 43 43 43 43 42 41 41 41 40 40 40 40 40 40 40 39 38 38 38 36 36
-999 -999 -999 -999 -999 -999 -999 -999 -999 -999 -999 -999 -999 -999 -999 -999 27 26 28 28 28 28 29 29 28 28 30 29 30 30 30 29 30 29 32 32 32 31 31 32 31 31 29 30 29 31 32 32 33 33 35 35 35 35 35 35 35 36 36 37 37 37 38 39 39 39 40 40 40 40 41 42 42 43 43 44 44 44 44 43 42 42 41 41 41 41 40 40 40 40 39 38 37 37 36 36
-999 -999 -999 -999 -999 -999 -999 -999 -999 -999 -999 -999 -999 -999 -999 -999 -999 27 28 28 27 27 27 28 30 30 31 31 31 31 31 30 28 29 30 31 32 32 31 32 32 29 30 30 30 29 32 31 32 33 34 34 34 34 34 36 36 36 36 37 37 38 38 39 39 39 40 40 41 41 41 42 43 43 44 45 45 45 44 44 43 43 42 41 41 41 41 40 40 40 39 38 37 37 36 36
-999 -999 -999 -999 -999 -999 -999 -999 -999 -999 -999 -999 -999 -999 -999 -999 -999 -999 -999 -999 -999 -999 29 29 28 30 31 30 30 30 30 29 31 31 31 31 31 31 32 32 32 30 30 29 28 30 30 31 33 33 34 34 35 35 35 36 36 36 37 37 37 38 38 39 39 40 40 41 41 41 41 42 43 43 45 45 46 46 44 44 43 43 42 41 41 41 41 40 40 40 39 36 36 37 36 36
-999 -999 -999 -999 -999 -999 -999 -999 -999 -999 -999 -999 -999 -999 -999 -999 -999 -999 -999 -999 -999 -999 -999 30 30 30 31 30 31 31 30 31 30 29 29 30 32 29 31 32 29 31 29 30 29 33 32 33 33 33 34 34 34 35 35 36 36 36 37 37 37 38 39 39 39 40 40 41 41 41 42 42 43 44 45 46 46 46 46 44 44 44 43 42 41 41 41 40 40 40 39 38 38 37 37 36
-999 -999 -999 -999 -999 -999 -999 -999 -999 -999 -999 -999 -999 -999 -999 -999 -999 -999 -999 -999 -999 -999 -999 -999 31 30 29 30 30 29 31 30 31 31 29 30 29 31 32 32 32 29 30 31 31 31 32 32 34 34 34 35 34 34 36 36 36 36 37 37 38 38 39 38 40 40 41 41 41 42 42 44 45 46 47 47 47 47 46 46 46 45 44 43 42 42 41 41 41 40 38 38 38 37 37 36
-999 -999 -999 -999 -999 -999 -999 -999 -999 -999 -999 -999 -999 -999 -999 -999 -999 -999 -999 -999 -999 -999 -999 -999 30 29 30 28 29 30 31 29 32 29 -999 -999 -999 31 29 33 33 32 32 31 31 31 32 34 34 34 34 34 35 35 36 36 36 37 37 38 38 38 39 40 40 40 41 42 42 42 43 46 46 47 47 49 50 49 48 48 47 46 45 44 43 43 42 41 41 40 38 37 38 38 37 36
-999 -999 -999 -999 -999 -999 -999 -999 -999 -999 -999 -999 -999 -999 -999 -999 -999 -999 -999 -999 -999 -999 -999 -999 -999 -999 -999 -999 -999 -999 -999 -999 -999 -999 -999 -999 -999 -999 30 31 30 32 32 33 33 -999 -999 34 34 35 35 35 35 35 36 36 36 37 37 38 38 38 39 40 40 40 41 42 42 42 43 45 45 46 48 50 51 50 49 48 48 47 45 43 43 43 42 41 41 41 40 38 38 38 37 36
-999 -999 -999 -999 -999 -999 -999 -999 -999 -999 -999 -999 -999 -999 -999 -999 -999 -999 -999 -999 -999 -999 -999 -999 -999 -999 -999 -999 -999 -999 -999 -999 -999 -999 -999 -999 -999 -999 -999 -999 30 -999 -999 -999 -999 -999 -999 -999 35 35 35 35 35 35 36 36 36 36 37 38 38 38 39 40 40 40 41 42 42 42 44 46 45 46 48 50 51 51 50 49 48 47 45 44 43 43 42 41 41 41 39 39 38 38 36 36
-999 -999 -999 -999 -999 -999 -999 -999 -999 -999 -999 -999 -999 -999 -999 -999 -999 -999 -999 -999 -999 -999 -999 -999 -999 -999 -999 -999 -999 -999 -999 -999 -999 -999 -999 -999 -999 -999 -999 -999 -999 -999 -999 -999 -999 -999 -999 -999 35 35 35 35 35 35 36 36 36 36 37 37 38 38 39 40 40 41 41 42 42 42 43 46 45 46 48 49 51 53 51 49 48 46 45 44 43 42 42 41 41 38 39 38 38 37 37 36
-999 -999 -999 -999 -999 -999 -999 -999 -999 -999 -999 -999 -999 -999 -999 -999 -999 -999 -999 -999 -999 -999 -999 -999 -999 -999 -999 -999 -999 -999 -999 -999 -999 -999 -999 -999 -999 -999 -999 -999 -999 -999 -999 -999 -999 -999 -999 -999 -999 -999 -999 35 35 35 36 36 36 36 37 37 38 38 39 40 40 41 41 42 42 42 43 44 45 46 47 50 50 51 50 48 47 46 45 43 43 42 42 41 40 39 39 38 37 37 37 36
-999 -999 -999 -999 -999 -999 -999 -999 -999 -999 -999 -999 -999 -999 -999 -999 -999 -999 -999 -999 -999 -999 -999 -999 -999 -999 -999 -999 -999 -999 -999 -999 -999 -999 -999 -999 -999 -999 -999 -999 -999 -999 -999 -999 -999 -999 -999 -999 -999 -999 -999 -999 -999 -999 35 36 36 36 37 37 38 38 39 40 40 40 41 42 42 42 43 44 44 45 47 49 50 50 49 47 47 46 45 43 42 42 42 40 40 40 38 37 37 37 36 36
-999 -999 -999 -999 -999 -999 -999 -999 -999 -999 -999 -999 -999 -999 -999 -999 -999 -999 -999 -999 -999 -999 -999 -999 -999 -999 -999 -999 -999 -999 -999 -999 -999 -999 -999 -999 -999 -999 -999 -999 -999 -999 -999 -999 -999 -999 -999 -999 -999 -999 -999 -999 -999 -999 -999 36 36 36 37 37 38 38 39 40 40 40 41 42 42 42 43 44 44 45 46 48 49 49 47 47 46 46 44 43 42 42 41 41 41 40 39 37 36 37 36 36
-999 -999 -999 -999 -999 -999 -999 -999 -999 -999 -999 -999 -999 -999 -999 -999 -999 -999 -999 -999 -999 -999 -999 -999 -999 -999 -999 -999 -999 -999 -999 -999 -999 -999 -999 -999 -999 -999 -999 -999 -999 -999 -999 -999 -999 -999 -999 -999 -999 -999 -999 -999 -999 -999 -999 -999 36 36 37 37 37 38 39 40 40 40 41 41 42 42 42 43 44 44 45 46 47 47 46 46 45 44 43 42 42 42 40 40 39 40 38 37 36 37 35 35
-999 -999 -999 -999 -999 -999 -999 -999 -999 -999 -999 -999 -999 -999 -999 -999 -999 -999 -999 -999 -999 -999 -999 -999 -999 -999 -999 -999 -999 -999 -999 -999 -999 -999 -999 -999 -999 -999 -999 -999 -999 -999 -999 -999 -999 -999 -999 -999 -999 -999 -999 -999 -999 -999 -999 -999 -999 -999 -999 37 37 38 39 40 40 40 41 41 42 42 42 42 42 43 44 45 45 45 45 44 44 43 43 42 42 41 40 40 38 39 38 36 36 37 36 34
-999 -999 -999 -999 -999 -999 -999 -999 -999 -999 -999 -999 -999 -999 -999 -999 -999 -999 -999 -999 -999 -999 -999 -999 -999 -999 -999 -999 -999 -999 -999 -999 -999 -999 -999 -999 -999 -999 -999 -999 -999 -999 -999 -999 -999 -999 -999 -999 -999 -999 -999 -999 -999 -999 -999 -999 -999 -999 -999 -999 -999 37 39 40 40 40 41 41 42 42 42 42 42 42 44 44 44 44 44 43 43 43 42 42 41 40 40 38 39 40 39 37 36 37 36 35
-999 -999 -999 -999 -999 -999 -999 -999 -999 -999 -999 -999 -999 -999 -999 -999 -999 -999 -999 -999 -999 -999 -999 -999 -999 -999 -999 -999 -999 -999 -999 -999 -999 -999 -999 -999 -999 -999 -999 -999 -999 -999 -999 -999 -999 -999 -999 -999 -999 -999 -999 -999 -999 -999 -999 -999 -999 -999 -999 -999 -999 -999 -999 -999 -999 40 40 41 41 41 42 42 42 42 43 44 44 44 43 43 43 43 42 41 40 39 39 38 39 39 39 37 37 36 36 35
-999 -999 -999 -999 -999 -999 -999 -999 -999 -999 -999 -999 -999 -999 -999 -999 -999 -999 -999 -999 -999 -999 -999 -999 -999 -999 -999 -999 -999 -999 -999 -999 -999 -999 -999 -999 -999 -999 -999 -999 -999 -999 -999 -999 -999 -999 -999 -999 -999 -999 -999 -999 -999 -999 -999 -999 -999 -999 -999 -999 -999 -999 -999 -999 -999 39 40 40 41 41 41 41 41 42 42 42 43 42 42 42 42 42 40 39 40 39 38 39 38 38 37 37 36 36 35 35
-999 -999 -999 -999 -999 -999 -999 -999 -999 -999 -999 -999 -999 -999 -999 -999 -999 -999 -999 -999 -999 -999 -999 -999 -999 -999 -999 -999 -999 -999 -999 -999 -999 -999 -999 -999 -999 -999 -999 -999 -999 -999 -999 -999 -999 -999 -999 -999 -999 -999 -999 -999 -999 -999 -999 -999 -999 -999 -999 -999 -999 -999 -999 -999 39 39 39 40 40 40 40 41 41 41 41 41 41 41 41 41 41 41 39 38 38 38 38 38 37 38 36 36 37 36 35 34
-999 -999 -999 -999 -999 -999 -999 -999 -999 -999 -999 -999 -999 -999 -999 -999 -999 -999 -999 -999 -999 -999 -999 -999 -999 -999 -999 -999 -999 -999 -999 -999 -999 -999 -999 -999 -999 -999 -999 -999 -999 -999 -999 -999 -999 -999 -999 -999 -999 -999 -999 -999 -999 -999 -999 -999 -999 -999 -999 -999 -999 -999 -999 -999 39 39 39 40 40 40 40 40 40 40 41 41 41 41 41 41 41 38 37 38 38 38 37 37 37 37 36 36 37 36 35 34
-999 -999 -999 -999 -999 -999 -999 -999 -999 -999 -999 -999 -999 -999 -999 -999 -999 -999 -999 -999 -999 -999 -999 -999 -999 -999 -999 -999 -999 -999 -999 -999 -999 -999 -999 -999 -999 -999 -999 -999 -999 -999 -999 -999 -999 -999 -999 -999 -999 -999 -999 -999 -999 -999 -999 -999 -999 -999 -999 -999 -999 -999 -999 38 38 38 38 39 39 39 39 40 40 40 40 40 41 40 40 40 40 40 40 38 38 37 37 36 36 36 35 36 37 35 34 33
-999 -999 -999 -999 -999 -999 -999 -999 -999 -999 -999 -999 -999 -999 -999 -999 -999 -999 -999 -999 -999 -999 -999 -999 -999 -999 -999 -999 -999 -999 -999 -999 -999 -999 -999 -999 -999 -999 -999 -999 -999 -999 -999 -999 -999 -999 -999 -999 -999 -999 -999 -999 -999 -999 -999 -999 -999 -999 -999 -999 -999 -999 -999 37 37 37 37 37 38 38 38 38 38 38 39 39 39 39 39 38 36 36 36 37 36 36 36 35 35 35 35 35 35 34 33 32
-999 -999 -999 -999 -999 -999 -999 -999 -999 -999 -999 -999 -999 -999 -999 -999 -999 -999 -999 -999 -999 -999 -999 -999 -999 -999 -999 -999 -999 -999 -999 -999 -999 -999 -999 -999 -999 -999 -999 -999 -999 -999 -999 -999 -999 -999 -999 -999 -999 -999 -999 -999 -999 -999 -999 -999 -999 -999 -999 -999 -999 -999 35 36 36 36 36 36 36 36 37 37 36 37 37 37 37 37 38 36 33 34 35 36 35 35 35 34 34 35 35 34 33 33 32 31
-999 -999 -999 -999 -999 -999 -999 -999 -999 -999 -999 -999 -999 -999 -999 -999 -999 -999 -999 -999 -999 -999 -999 -999 -999 -999 -999 -999 -999 -999 -999 -999 -999 -999 -999 -999 -999 -999 -999 -999 -999 -999 -999 -999 -999 -999 -999 -999 -999 -999 -999 -999 -999 -999 -999 -999 -999 -999 -999 -999 -999 35 35 35 35 35 35 35 35 36 36 36 36 36 37 37 37 37 36 33 34 34 35 35 33 34 34 34 34 34 33 34 34 33 31 31
-999 -999 -999 -999 -999 -999 -999 -999 -999 -999 -999 -999 -999 -999 -999 -999 -999 -999 -999 -999 -999 -999 -999 -999 -999 -999 -999 -999 -999 -999 -999 -999 -999 -999 -999 -999 -999 -999 -999 -999 -999 -999 -999 -999 -999 -999 -999 -999 -999 -999 -999 -999 -999 -999 -999 -999 -999 -999 -999 -999 -999 34 35 35 35 35 35 35 35 35 35 36 36 36 36 36 37 35 32 33 34 33 33 35 33 33 33 33 34 33 34 34 34 33 32 30
-999 -999 -999 -999 -999 -999 -999 -999 -999 -999 -999 -999 -999 -999 -999 -999 -999 -999 -999 -999 -999 -999 -999 -999 -999 -999 -999 -999 -999 -999 -999 -999 -999 -999 -999 -999 -999 -999 -999 -999 -999 -999 -999 -999 -999 -999 -999 -999 -999 -999 -999 -999 -999 -999 -999 -999 -999 -999 -999 -999 34 34 34 34 34 34 34 34 34 34 34 34 34 35 35 35 34 33 32 32 32 32 34 33 32 32 32 32 32 33 33 32 33 32 31 31
-999 -999 -999 -999 -999 -999 -999 -999 -999 -999 -999 -999 -999 -999 -999 -999 -999 -999 -999 -999 -999 -999 -999 -999 -999 -999 -999 -999 -999 -999 -999 -999 -999 -999 -999 -999 -999 -999 -999 -999 -999 -999 -999 -999 -999 -999 -999 -999 -999 -999 -999 -999 -999 -999 -999 -999 -999 -999 -999 -999 33 33 33 33 33 33 33 33 33 33 33 33 33 34 34 33 33 31 30 31 31 31 31 33 32 31 31 31 32 32 32 31 31 30 31 29
-999 -999 -999 -999 -999 -999 -999 -999 -999 -999 -999 -999 -999 -999 -999 -999 -999 -999 -999 -999 -999 -999 -999 -999 -999 -999 -999 -999 -999 -999 -999 -999 -999 -999 -999 -999 -999 -999 -999 -999 -999 -999 -999 -999 -999 -999 -999 -999 -999 -999 -999 -999 -999 -999 -999 -999 -999 -999 -999 33 32 33 33 33 33 33 33 32 32 32 33 33 33 33 33 33 32 29 30 31 32 30 30 32 30 31 31 31 32 32 32 30 31 31 30 29
-999 -999 -999 -999 -999 -999 -999 -999 -999 -999 -999 -999 -999 -999 -999 -999 -999 -999 -999 -999 -999 -999 -999 -999 -999 -999 -999 -999 -999 -999 -999 -999 -999 -999 -999 -999 -999 -999 -999 -999 -999 -999 -999 -999 -999 -999 -999 -999 -999 -999 -999 -999 -999 -999 -999 -999 -999 -999 -999 33 33 33 33 33 33 33 32 32 32 32 32 33 33 32 32 32 29 29 30 30 30 30 30 30 29 29 31 31 31 31 30 30 30 30 28 28
-999 -999 -999 -999 -999 -999 -999 -999 -999 -999 -999 -999 -999 -999 -999 -999 -999 -999 -999 -999 -999 -999 -999 -999 -999 -999 -999 -999 -999 -999 -999 -999 -999 -999 -999 -999 -999 -999 -999 -999 -999 -999 -999 -999 -999 -999 -999 -999 -999 -999 -999 -999 -999 -999 -999 -999 -999 -999 -999 32 32 32 32 32 32 32 32 32 32 32 32 32 31 32 31 30 28 28 28 30 30 30 31 30 29 29 30 30 30 30 29 29 29 28 28 29
-999 -999 -999 -999 -999 -999 -999 -999 -999 -999 -999 -999 -999 -999 -999 -999 -999 -999 -999 -999 -999 -999 -999 -999 -999 -999 -999 -999 -999 -999 -999 -999 -999 -999 -999 -999 -999 -999 -999 -999 -999 -999 -999 -999 -999 -999 -999 -999 -999 -999 -999 -999 -999 -999 -999 -999 -999 -999 32 32 32 32 32 32 31 31 32 32 32 32 32 32 31 30 26 30 30 28 28 27 28 29 31 28 30 29 29 29 28 29 28 27 27 29 27 28
-999 -999 -999 -999 -999 -999 -999 -999 -999 -999 -999 -999 -999 -999 -999 -999 -999 -999 -999 -999 -999 -999 -999 -999 -999 -999 -999 -999 -999 -999 -999 -999 -999 -999 -999 -999 -999 -999 -999 -999 -999 -999 -999 -999 -999 -999 -999 -999 -999 -999 -999 -999 -999 -999 -999 -999 -999 -999 32 32 32 32 32 31 31 31 31 32 32 32 32 32 31 31 30 30 29 28 28 28 27 27 30 28 28 28 28 28 28 27 27 26 26 29 27 25
-999 -999 -999 -999 -999 -999 -999 -999 -999 -999 -999 -999 -999 -999 -999 -999 -999 -999 -999 -999 -999 -999 -999 -999 -999 -999 -999 -999 -999 -999 -999 -999 -999 -999 -999 -999 -999 -999 -999 -999 -999 -999 -999 -999 -999 -999 -999 -999 -999 -999 -999 -999 -999 -999 -999 -999 -999 -999 32 32 32 32 31 31 31 31 31 31 31 31 31 32 32 31 31 30 30 29 27 27 27 27 29 27 27 29 27 26 26 27 25 25 29 25 25 26
-999 -999 -999 -999 -999 -999 -999 -999 -999 -999 -999 -999 -999 -999 -999 -999 -999 -999 -999 -999 -999 -999 -999 -999 -999 -999 -999 -999 -999 -999 -999 -999 -999 -999 -999 -999 -999 -999 -999 -999 -999 -999 -999 -999 -999 -999 -999 -999 -999 -999 -999 -999 -999 -999 -999 -999 -999 32 32 32 31 31 31 31 31 31 31 30 31 30 30 31 31 31 30 30 30 30 28 25 24 27 26 26 25 25 26 26 25 24 24 24 28 25 24 24
-999 -999 -999 -999 -999 -999 -999 -999 -999 -999 -999 -999 -999 -999 -999 -999 -999 -999 -999 -999 -999 -999 -999 -999 -999 -999 -999 -999 -999 -999 -999 -999 -999 -999 -999 -999 -999 -999 -999 -999 -999 -999 -999 -999 -999 -999 -999 -999 -999 -999 -999 -999 -999 -999 -999 -999 -999 32 31 31 31 31 30 30 30 30 30 30 29 29 28 29 30 30 29 30 30 28 26 23 21 25 28 26 27 25 24 24 23 23 24 26 26 24 23 23
-999 -999 -999 -999 -999 -999 -999 -999 -999 -999 -999 -999 -999 -999 -999 -999 -999 -999 -999 -999 -999 -999 -999 -999 -999 -999 -999 -999 -999 -999 -999 -999 -999 -999 -999 -999 -999 -999 -999 -999 -999 -999 -999 -999 -999 -999 -999 -999 -999 -999 -999 -999 -999 -999 -999 -999 32 32 31 31 31 31 30 30 30 30 29 28 27 28 28 29 28 30 29 29 29 28 24 24 24 24 27 26 26 23 23 23 23 24 26 24 26 26 26 23
-999 -999 -999 -999 -999 -999 -999 -999 -999 -999 -999 -999 -999 -999 -999 -999 -999 -999 -999 -999 -999 -999 -999 -999 -999 -999 -999 -999 -999 -999 -999 -999 -999 -999 -999 -999 -999 -999 -999 -999 -999 -999 -999 -999 -999 -999 -999 -999 -999 -999 -999 -999 33 33 32 32 32 32 31 31 31 30 30 30 30 28 28 27 27 27 27 27 28 28 30 29 27 28 23 25 26 26 26 24 22 23 22 24 25 24 27 24 28 24 23 24
-999 -999 -999 -999 -999 -999 -999 -999 -999 -999 -999 -999 -999 -999 -999 -999 -999 -999 -999 -999 -999 -999 -999 -999 -999 -999 -999 -999 -999 -999 -999 -999 -999 -999 -999 -999 -999 -999 -999 -999 -999 -999 -999 -999 -999 -999 -999 -999 -999 -999 -999 -999 33 33 32 32 32 31 31 30 30 30 29 29 29 29 27 26 23 23 23 27 28 28 29 29 28 28 27 26 21 25 23 25 22 21 22 24 25 25 23 23 27 22 22 22
-999 -999 -999 -999 -999 -999 -999 -999 -999 -999 -999 -999 -999 -999 -999 -999 -999 -999 -999 -999 -999 -999 -999 -999 -999 -999 -999 -999 -999 -999 -999 -999 -999 -999 -999 -999 -999 -999 -999 -999 -999 -999 -999 -999 -999 -999 -999 -999 -999 -999 -999 -999 33 33 32 32 31 31 30 30 29 29 29 27 27 26 28 27 25 26 23 25 26 26 27 27 26 27 26 25 22 22 22 22 22 20 25 21 22 22 22 26 26 25 24 23
-999 -999 -999 -999 -999 -999 -999 -999 -999 -999 -999 -999 -999 -999 -999 -999 -999 -999 -999 -999 -999 -999 -999 -999 -999 -999 -999 -999 -999 -999 -999 -999 -999 -999 -999 -999 -999 -999 -999 -999 -999 -999 -999 -999 -999 -999 -999 -999 34 -999 -999 33 33 33 32 32 31 31 30 29 29 29 28 27 25 25 27 26 25 24 20 25 24 26 27 27 25 25 24 22 18 22 21 19 18 21 22 21 21 22 25 24 22 25 22 22
-999 -999 -999 -999 -999 -999 -999 -999 -999 -999 -999 -999 -999 -999 -999 -999 -999 -999 -999 -999 -999 -999 -999 -999 -999 -999 -999 -999 -999 -999 -999 -999 -999 -999 -999 -999 -999 -999 -999 -999 -999 -999 -999 -999 -999 -999 -999 -999 34 34 34 33 33 33 32 32 31 31 30 29 29 29 28 27 24 25 25 26 26 25 22 22 24 26 24 27 26 24 22 20 20 20 19 22 22 23 19 21 23 24 26 22 25 23 25 24
